-12.500100135803223 -12.500100135803223 -0.0018139999592676759 
-11.500100135803223 -12.500100135803223 -0.0018139999592676759 
-10.500100135803223 -12.500100135803223 -0.0018139999592676759 
-9.5001096725463867 -12.500100135803223 -0.0018139999592676759 
-8.5001096725463867 -12.500100135803223 -0.0018139999592676759 
-7.5001101493835449 -12.500100135803223 -0.0018139999592676759 
-6.5001101493835449 -12.500100135803223 -0.0018139999592676759 
-5.5001101493835449 -12.500100135803223 -0.0018139999592676759 
-4.5001101493835449 -12.500100135803223 -0.0018139999592676759 
-3.5001099109649658 -12.500100135803223 -0.0018139999592676759 
-2.5001099109649658 -12.500100135803223 -0.0018139999592676759 
-1.5001100301742554 -12.500100135803223 -0.0018139999592676759 
-0.50011301040649414 -12.500100135803223 -0.0018139999592676759 
0.49988698959350586 -12.500100135803223 -0.0018139999592676759 
1.4998899698257446 -12.500100135803223 -0.0018139999592676759 
2.4998900890350342 -12.500100135803223 -0.0018139999592676759 
3.4998900890350342 -12.500100135803223 -0.0018139999592676759 
4.4998898506164551 -12.500100135803223 -0.0018139999592676759 
5.4998898506164551 -12.500100135803223 -0.0018139999592676759 
6.4998898506164551 -12.500100135803223 -0.0018139999592676759 
7.4998898506164551 -12.500100135803223 -0.0018139999592676759 
8.4998903274536133 -12.500100135803223 -0.0018139999592676759 
9.4998903274536133 -12.500100135803223 -0.0018139999592676759 
10.499899864196777 -12.500100135803223 -0.0018139999592676759 
11.499899864196777 -12.500100135803223 -0.0018139999592676759 
12.499899864196777 -12.500100135803223 -0.0018139999592676759 
-12.500100135803223 -11.500100135803223 -0.0018139999592676759 
-11.500100135803223 -11.500100135803223 -0.0018139999592676759 
-10.500100135803223 -11.500100135803223 -0.0018139999592676759 
-9.5001096725463867 -11.500100135803223 -0.0018139999592676759 
-8.5001096725463867 -11.500100135803223 -0.0018139999592676759 
-7.5001101493835449 -11.500100135803223 -0.0018139999592676759 
-6.5001101493835449 -11.500100135803223 -0.0018139999592676759 
-5.5001101493835449 -11.500100135803223 -0.0018139999592676759 
-4.5001101493835449 -11.500100135803223 -0.0018139999592676759 
-3.5001099109649658 -11.500100135803223 -0.0018139999592676759 
-2.5001099109649658 -11.500100135803223 -0.0018139999592676759 
-1.5001100301742554 -11.500100135803223 -0.0018139999592676759 
-0.50011301040649414 -11.500100135803223 -0.0018139999592676759 
0.49988698959350586 -11.500100135803223 -0.0018139999592676759 
1.4998899698257446 -11.500100135803223 -0.0018139999592676759 
2.4998900890350342 -11.500100135803223 -0.0018139999592676759 
3.4998900890350342 -11.500100135803223 -0.0018139999592676759 
4.4998898506164551 -11.500100135803223 -0.0018139999592676759 
5.4998898506164551 -11.500100135803223 -0.0018139999592676759 
6.4998898506164551 -11.500100135803223 -0.0018139999592676759 
7.4998898506164551 -11.500100135803223 -0.0018139999592676759 
8.4998903274536133 -11.500100135803223 -0.0018139999592676759 
9.4998903274536133 -11.500100135803223 -0.0018139999592676759 
10.499899864196777 -11.500100135803223 -0.0018139999592676759 
11.499899864196777 -11.500100135803223 -0.0018139999592676759 
12.499899864196777 -11.500100135803223 -0.0018139999592676759 
-12.500100135803223 -10.500100135803223 -0.0018139999592676759 
-11.500100135803223 -10.500100135803223 -0.0018139999592676759 
-10.500100135803223 -10.500100135803223 -0.0018139999592676759 
-9.5001096725463867 -10.500100135803223 -0.0018139999592676759 
-8.5001096725463867 -10.500100135803223 -0.0018139999592676759 
-7.5001101493835449 -10.500100135803223 -0.0018139999592676759 
-6.5001101493835449 -10.500100135803223 -0.0018139999592676759 
-5.5001101493835449 -10.500100135803223 -0.0018139999592676759 
-4.5001101493835449 -10.500100135803223 -0.0018139999592676759 
-3.5001099109649658 -10.500100135803223 -0.0018139999592676759 
-2.5001099109649658 -10.500100135803223 -0.0018139999592676759 
-1.5001100301742554 -10.500100135803223 -0.0018139999592676759 
-0.50011301040649414 -10.500100135803223 -0.0018139999592676759 
0.49988698959350586 -10.500100135803223 -0.0018139999592676759 
1.4998899698257446 -10.500100135803223 -0.0018139999592676759 
2.4998900890350342 -10.500100135803223 -0.0018139999592676759 
3.4998900890350342 -10.500100135803223 -0.0018139999592676759 
4.4998898506164551 -10.500100135803223 -0.0018139999592676759 
5.4998898506164551 -10.500100135803223 -0.0018139999592676759 
6.4998898506164551 -10.500100135803223 -0.0018139999592676759 
7.4998898506164551 -10.500100135803223 -0.0018139999592676759 
8.4998903274536133 -10.500100135803223 -0.0018139999592676759 
9.4998903274536133 -10.500100135803223 -0.0018139999592676759 
10.499899864196777 -10.500100135803223 -0.0018139999592676759 
11.499899864196777 -10.500100135803223 -0.0018139999592676759 
12.499899864196777 -10.500100135803223 -0.0018139999592676759 
-12.500100135803223 -9.5000696182250977 -0.0018139999592676759 
-11.500100135803223 -9.5000696182250977 -0.0018139999592676759 
-10.500100135803223 -9.5000696182250977 -0.0018139999592676759 
-9.5001096725463867 -9.5000696182250977 -0.0018139999592676759 
-8.5001096725463867 -9.5000696182250977 -0.0018139999592676759 
-7.5001101493835449 -9.5000696182250977 -0.0018139999592676759 
-6.5001101493835449 -9.5000696182250977 -0.0018139999592676759 
-5.5001101493835449 -9.5000696182250977 -0.0018139999592676759 
-4.5001101493835449 -9.5000696182250977 -0.0018139999592676759 
-3.5001099109649658 -9.5000696182250977 -0.0018139999592676759 
-2.5001099109649658 -9.5000696182250977 -0.0018139999592676759 
-1.5001100301742554 -9.5000696182250977 -0.0018139999592676759 
-0.50011301040649414 -9.5000696182250977 -0.0018139999592676759 
0.49988698959350586 -9.5000696182250977 -0.0018139999592676759 
1.4998899698257446 -9.5000696182250977 -0.0018139999592676759 
2.4998900890350342 -9.5000696182250977 -0.0018139999592676759 
3.4998900890350342 -9.5000696182250977 -0.0018139999592676759 
4.4998898506164551 -9.5000696182250977 -0.0018139999592676759 
5.4998898506164551 -9.5000696182250977 -0.0018139999592676759 
6.4998898506164551 -9.5000696182250977 -0.0018139999592676759 
7.4998898506164551 -9.5000696182250977 -0.0018139999592676759 
8.4998903274536133 -9.5000696182250977 -0.0018139999592676759 
9.4998903274536133 -9.5000696182250977 -0.0018139999592676759 
10.499899864196777 -9.5000696182250977 -0.0018139999592676759 
11.499899864196777 -9.5000696182250977 -0.0018139999592676759 
12.499899864196777 -9.5000696182250977 -0.0018139999592676759 
-12.500100135803223 -8.5000696182250977 -0.0018139999592676759 
-11.500100135803223 -8.5000696182250977 -0.0018139999592676759 
-10.500100135803223 -8.5000696182250977 -0.0018139999592676759 
-9.5001096725463867 -8.5000696182250977 -0.0018139999592676759 
-8.5001096725463867 -8.5000696182250977 -0.0018139999592676759 
-7.5001101493835449 -8.5000696182250977 -0.0018139999592676759 
-6.5001101493835449 -8.5000696182250977 -0.0018139999592676759 
-5.5001101493835449 -8.5000696182250977 -0.0018139999592676759 
-4.5001101493835449 -8.5000696182250977 -0.0018139999592676759 
-3.5001099109649658 -8.5000696182250977 -0.0018139999592676759 
-2.5001099109649658 -8.5000696182250977 -0.0018139999592676759 
-1.5001100301742554 -8.5000696182250977 -0.0018139999592676759 
-0.50011301040649414 -8.5000696182250977 -0.0018139999592676759 
0.49988698959350586 -8.5000696182250977 -0.0018139999592676759 
1.4998899698257446 -8.5000696182250977 -0.0018139999592676759 
2.4998900890350342 -8.5000696182250977 -0.0018139999592676759 
3.4998900890350342 -8.5000696182250977 -0.0018139999592676759 
4.4998898506164551 -8.5000696182250977 -0.0018139999592676759 
5.4998898506164551 -8.5000696182250977 -0.0018139999592676759 
6.4998898506164551 -8.5000696182250977 -0.0018139999592676759 
7.4998898506164551 -8.5000696182250977 -0.0018139999592676759 
8.4998903274536133 -8.5000696182250977 -0.0018139999592676759 
9.4998903274536133 -8.5000696182250977 -0.0018139999592676759 
10.499899864196777 -8.5000696182250977 -0.0018139999592676759 
11.499899864196777 -8.5000696182250977 -0.0018139999592676759 
12.499899864196777 -8.5000696182250977 -0.0018139999592676759 
-12.500100135803223 -7.5000700950622559 -0.0018139999592676759 
-11.500100135803223 -7.5000700950622559 -0.0018139999592676759 
-10.500100135803223 -7.5000700950622559 -0.0018139999592676759 
-9.5001096725463867 -7.5000700950622559 -0.0018139999592676759 
-8.5001096725463867 -7.5000700950622559 -0.0018139999592676759 
-7.5001101493835449 -7.5000700950622559 -0.0018139999592676759 
-6.5001101493835449 -7.5000700950622559 -0.0018139999592676759 
-5.5001101493835449 -7.5000700950622559 -0.0018139999592676759 
-4.5001101493835449 -7.5000700950622559 -0.0018139999592676759 
-3.5001099109649658 -7.5000700950622559 -0.0018139999592676759 
-2.5001099109649658 -7.5000700950622559 -0.0018139999592676759 
-1.5001100301742554 -7.5000700950622559 -0.0018139999592676759 
-0.50011301040649414 -7.5000700950622559 -0.0018139999592676759 
0.49988698959350586 -7.5000700950622559 -0.0018139999592676759 
1.4998899698257446 -7.5000700950622559 -0.0018139999592676759 
2.4998900890350342 -7.5000700950622559 -0.0018139999592676759 
3.4998900890350342 -7.5000700950622559 -0.0018139999592676759 
4.4998898506164551 -7.5000700950622559 -0.0018139999592676759 
5.4998898506164551 -7.5000700950622559 -0.0018139999592676759 
6.4998898506164551 -7.5000700950622559 -0.0018139999592676759 
7.4998898506164551 -7.5000700950622559 -0.0018139999592676759 
8.4998903274536133 -7.5000700950622559 -0.0018139999592676759 
9.4998903274536133 -7.5000700950622559 -0.0018139999592676759 
10.499899864196777 -7.5000700950622559 -0.0018139999592676759 
11.499899864196777 -7.5000700950622559 -0.0018139999592676759 
12.499899864196777 -7.5000700950622559 -0.0018139999592676759 
-12.500100135803223 -6.5000700950622559 -0.0018139999592676759 
-11.500100135803223 -6.5000700950622559 -0.0018139999592676759 
-10.500100135803223 -6.5000700950622559 -0.0018139999592676759 
-9.5001096725463867 -6.5000700950622559 -0.0018139999592676759 
-8.5001096725463867 -6.5000700950622559 -0.0018139999592676759 
-7.5001101493835449 -6.5000700950622559 -0.0018139999592676759 
-6.5001101493835449 -6.5000700950622559 -0.0018139999592676759 
-5.5001101493835449 -6.5000700950622559 -0.0018139999592676759 
-4.5001101493835449 -6.5000700950622559 -0.0018139999592676759 
-3.5001099109649658 -6.5000700950622559 -0.0018139999592676759 
-2.5001099109649658 -6.5000700950622559 -0.0018139999592676759 
-1.5001100301742554 -6.5000700950622559 -0.0018139999592676759 
-0.50011301040649414 -6.5000700950622559 -0.0018139999592676759 
0.49988698959350586 -6.5000700950622559 -0.0018139999592676759 
1.4998899698257446 -6.5000700950622559 -0.0018139999592676759 
2.4998900890350342 -6.5000700950622559 -0.0018139999592676759 
3.4998900890350342 -6.5000700950622559 -0.0018139999592676759 
4.4998898506164551 -6.5000700950622559 -0.0018139999592676759 
5.4998898506164551 -6.5000700950622559 -0.0018139999592676759 
6.4998898506164551 -6.5000700950622559 -0.0018139999592676759 
7.4998898506164551 -6.5000700950622559 -0.0018139999592676759 
8.4998903274536133 -6.5000700950622559 -0.0018139999592676759 
9.4998903274536133 -6.5000700950622559 -0.0018139999592676759 
10.499899864196777 -6.5000700950622559 -0.0018139999592676759 
11.499899864196777 -6.5000700950622559 -0.0018139999592676759 
12.499899864196777 -6.5000700950622559 -0.0018139999592676759 
-12.500100135803223 -5.5000700950622559 -0.0018139999592676759 
-11.500100135803223 -5.5000700950622559 -0.0018139999592676759 
-10.500100135803223 -5.5000700950622559 -0.0018139999592676759 
-9.5001096725463867 -5.5000700950622559 -0.0018139999592676759 
-8.5001096725463867 -5.5000700950622559 -0.0018139999592676759 
-7.5001101493835449 -5.5000700950622559 -0.0018139999592676759 
-6.5001101493835449 -5.5000700950622559 -0.0018139999592676759 
-5.5001101493835449 -5.5000700950622559 -0.0018139999592676759 
-4.5001101493835449 -5.5000700950622559 -0.0018139999592676759 
-3.5001099109649658 -5.5000700950622559 -0.0018139999592676759 
-2.5001099109649658 -5.5000700950622559 -0.0018139999592676759 
-1.5001100301742554 -5.5000700950622559 -0.0018139999592676759 
-0.50011301040649414 -5.5000700950622559 -0.0018139999592676759 
0.49988698959350586 -5.5000700950622559 -0.0018139999592676759 
1.4998899698257446 -5.5000700950622559 -0.0018139999592676759 
2.4998900890350342 -5.5000700950622559 -0.0018139999592676759 
3.4998900890350342 -5.5000700950622559 -0.0018139999592676759 
4.4998898506164551 -5.5000700950622559 -0.0018139999592676759 
5.4998898506164551 -5.5000700950622559 -0.0018139999592676759 
6.4998898506164551 -5.5000700950622559 -0.0018139999592676759 
7.4998898506164551 -5.5000700950622559 -0.0018139999592676759 
8.4998903274536133 -5.5000700950622559 -0.0018139999592676759 
9.4998903274536133 -5.5000700950622559 -0.0018139999592676759 
10.499899864196777 -5.5000700950622559 -0.0018139999592676759 
11.499899864196777 -5.5000700950622559 -0.0018139999592676759 
12.499899864196777 -5.5000700950622559 -0.0018139999592676759 
-12.500100135803223 -4.5000700950622559 -0.0018139999592676759 
-11.500100135803223 -4.5000700950622559 -0.0018139999592676759 
-10.500100135803223 -4.5000700950622559 -0.0018139999592676759 
-9.5001096725463867 -4.5000700950622559 -0.0018139999592676759 
-8.5001096725463867 -4.5000700950622559 -0.0018139999592676759 
-7.5001101493835449 -4.5000700950622559 -0.0018139999592676759 
-6.5001101493835449 -4.5000700950622559 -0.0018139999592676759 
-5.5001101493835449 -4.5000700950622559 -0.0018139999592676759 
-4.5001101493835449 -4.5000700950622559 -0.0018139999592676759 
-3.5001099109649658 -4.5000700950622559 -0.0018139999592676759 
-2.5001099109649658 -4.5000700950622559 -0.0018139999592676759 
-1.5001100301742554 -4.5000700950622559 -0.0018139999592676759 
-0.50011301040649414 -4.5000700950622559 -0.0018139999592676759 
0.49988698959350586 -4.5000700950622559 -0.0018139999592676759 
1.4998899698257446 -4.5000700950622559 -0.0018139999592676759 
2.4998900890350342 -4.5000700950622559 -0.0018139999592676759 
3.4998900890350342 -4.5000700950622559 -0.0018139999592676759 
4.4998898506164551 -4.5000700950622559 -0.0018139999592676759 
5.4998898506164551 -4.5000700950622559 -0.0018139999592676759 
6.4998898506164551 -4.5000700950622559 -0.0018139999592676759 
7.4998898506164551 -4.5000700950622559 -0.0018139999592676759 
8.4998903274536133 -4.5000700950622559 -0.0018139999592676759 
9.4998903274536133 -4.5000700950622559 -0.0018139999592676759 
10.499899864196777 -4.5000700950622559 -0.0018139999592676759 
11.499899864196777 -4.5000700950622559 -0.0018139999592676759 
12.499899864196777 -4.5000700950622559 -0.0018139999592676759 
-12.500100135803223 -3.5000700950622559 -0.0018139999592676759 
-11.500100135803223 -3.5000700950622559 -0.0018139999592676759 
-10.500100135803223 -3.5000700950622559 -0.0018139999592676759 
-9.5001096725463867 -3.5000700950622559 -0.0018139999592676759 
-8.5001096725463867 -3.5000700950622559 -0.0018139999592676759 
-7.5001101493835449 -3.5000700950622559 -0.0018139999592676759 
-6.5001101493835449 -3.5000700950622559 -0.0018139999592676759 
-5.5001101493835449 -3.5000700950622559 -0.0018139999592676759 
-4.5001101493835449 -3.5000700950622559 -0.0018139999592676759 
-3.5001099109649658 -3.5000700950622559 -0.0018139999592676759 
-2.5001099109649658 -3.5000700950622559 -0.0018139999592676759 
-1.5001100301742554 -3.5000700950622559 -0.0018139999592676759 
-0.50011301040649414 -3.5000700950622559 -0.0018139999592676759 
0.49988698959350586 -3.5000700950622559 -0.0018139999592676759 
1.4998899698257446 -3.5000700950622559 -0.0018139999592676759 
2.4998900890350342 -3.5000700950622559 -0.0018139999592676759 
3.4998900890350342 -3.5000700950622559 -0.0018139999592676759 
4.4998898506164551 -3.5000700950622559 -0.0018139999592676759 
5.4998898506164551 -3.5000700950622559 -0.0018139999592676759 
6.4998898506164551 -3.5000700950622559 -0.0018139999592676759 
7.4999098777770996 -3.5000700950622559 -0.0018139999592676759 
8.4999103546142578 -3.5000700950622559 -0.0018139999592676759 
9.4998903274536133 -3.5000700950622559 -0.0018139999592676759 
10.499899864196777 -3.5000700950622559 -0.0018139999592676759 
11.499899864196777 -3.5000700950622559 -0.0018139999592676759 
12.499899864196777 -3.5000700950622559 -0.0018139999592676759 
-12.500100135803223 -2.5000700950622559 -0.0018139999592676759 
-11.500100135803223 -2.5000700950622559 -0.0018139999592676759 
-10.500100135803223 -2.5000700950622559 -0.0018139999592676759 
-9.5001096725463867 -2.5000700950622559 -0.0018139999592676759 
-8.5001096725463867 -2.5000700950622559 -0.0018139999592676759 
-7.5001101493835449 -2.5000700950622559 -0.0018139999592676759 
-6.5001101493835449 -2.5000700950622559 -0.0018139999592676759 
-5.5001101493835449 -2.5000700950622559 -0.0018139999592676759 
-4.5001101493835449 -2.5000700950622559 -0.0018139999592676759 
-3.5001099109649658 -2.5000700950622559 -0.0018139999592676759 
-2.5001099109649658 -2.5000700950622559 -0.0018139999592676759 
-1.5001100301742554 -2.5000700950622559 -0.0018139999592676759 
-0.50011301040649414 -2.5000700950622559 -0.0018139999592676759 
0.49988698959350586 -2.5000700950622559 -0.0018139999592676759 
1.4998899698257446 -2.5000700950622559 -0.0018139999592676759 
2.4998900890350342 -2.5000700950622559 -0.0018139999592676759 
3.4998900890350342 -2.5000700950622559 -0.0018139999592676759 
4.4998898506164551 -2.5000700950622559 -0.0018139999592676759 
5.4998898506164551 -2.5000700950622559 -0.0018139999592676759 
6.4998898506164551 -2.5000700950622559 -0.0018139999592676759 
7.4998898506164551 -2.5000700950622559 -0.0018139999592676759 
8.4998903274536133 -2.5000700950622559 -0.0018139999592676759 
9.4998903274536133 -2.5000700950622559 -0.0018139999592676759 
10.499899864196777 -2.5000700950622559 -0.0018139999592676759 
11.499899864196777 -2.5000700950622559 -0.0018139999592676759 
12.499899864196777 -2.5000700950622559 -0.0018139999592676759 
-12.500100135803223 -1.5000699758529663 -0.0018139999592676759 
-11.500100135803223 -1.5000699758529663 -0.0018139999592676759 
-10.500100135803223 -1.5000699758529663 -0.0018139999592676759 
-9.5001096725463867 -1.5000699758529663 -0.0018139999592676759 
-8.5001096725463867 -1.5000699758529663 -0.0018139999592676759 
-7.5001101493835449 -1.5000699758529663 -0.0018139999592676759 
-6.5001101493835449 -1.5000699758529663 -0.0018139999592676759 
-5.5001101493835449 -1.5000699758529663 -0.0018139999592676759 
-4.5001101493835449 -1.5000699758529663 -0.0018139999592676759 
-3.5001099109649658 -1.5000699758529663 -0.0018139999592676759 
-2.5001099109649658 -1.5000699758529663 -0.0018139999592676759 
-1.5001100301742554 -1.5000699758529663 -0.0018139999592676759 
-0.50011301040649414 -1.5000699758529663 -0.0018139999592676759 
0.49988698959350586 -1.5000699758529663 -0.0018139999592676759 
1.4998899698257446 -1.5000699758529663 -0.0018139999592676759 
2.4998900890350342 -1.5000699758529663 -0.0018139999592676759 
3.4998900890350342 -1.5000699758529663 -0.0018139999592676759 
4.4998898506164551 -1.5000699758529663 -0.0018139999592676759 
5.4998898506164551 -1.5000699758529663 -0.0018139999592676759 
6.4998898506164551 -1.5000699758529663 -0.0018139999592676759 
7.4998898506164551 -1.5000699758529663 -0.0018139999592676759 
8.4998903274536133 -1.5000699758529663 -0.0018139999592676759 
9.4998903274536133 -1.5000699758529663 -0.0018139999592676759 
10.499899864196777 -1.5000699758529663 -0.0018139999592676759 
11.499899864196777 -1.5000699758529663 -0.0018139999592676759 
12.499899864196777 -1.5000699758529663 -0.0018139999592676759 
-12.500100135803223 -0.50007200241088867 -0.0018139999592676759 
-11.500100135803223 -0.50007200241088867 -0.0018139999592676759 
-10.500100135803223 -0.50007200241088867 -0.0018139999592676759 
-9.5001096725463867 -0.50007200241088867 -0.0018139999592676759 
-8.5001096725463867 -0.50007200241088867 -0.0018139999592676759 
-7.5001101493835449 -0.50007200241088867 -0.0018139999592676759 
-6.5001101493835449 -0.50007200241088867 -0.0018139999592676759 
-5.5001101493835449 -0.50007200241088867 -0.0018139999592676759 
-4.5001101493835449 -0.50007200241088867 -0.0018139999592676759 
-3.5001099109649658 -0.50007200241088867 -0.0018139999592676759 
-2.5001099109649658 -0.50007200241088867 -0.0018139999592676759 
-1.5001100301742554 -0.50007200241088867 -0.0018139999592676759 
-0.50011301040649414 -0.50007200241088867 -0.0018139999592676759 
0.49988698959350586 -0.50007200241088867 -0.0018139999592676759 
1.4998899698257446 -0.50007200241088867 -0.0018139999592676759 
2.4998900890350342 -0.50007200241088867 -0.0018139999592676759 
3.4998900890350342 -0.50007200241088867 -0.0018139999592676759 
4.4998898506164551 -0.50007200241088867 -0.0018139999592676759 
5.4998898506164551 -0.50007200241088867 -0.0018139999592676759 
6.4998898506164551 -0.50007200241088867 -0.0018139999592676759 
7.4998898506164551 -0.50007200241088867 -0.0018139999592676759 
8.4998903274536133 -0.50007200241088867 -0.0018139999592676759 
9.4998903274536133 -0.50007200241088867 -0.0018139999592676759 
10.499899864196777 -0.50007200241088867 -0.0018139999592676759 
11.499899864196777 -0.50007200241088867 -0.0018139999592676759 
12.499899864196777 -0.50007200241088867 -0.0018139999592676759 
-12.500100135803223 0.49992796778678894 -0.0018139999592676759 
-11.500100135803223 0.49992796778678894 -0.0018139999592676759 
-10.500100135803223 0.49992796778678894 -0.0018139999592676759 
-9.5001096725463867 0.49992796778678894 -0.0018139999592676759 
-8.5001096725463867 0.49992796778678894 -0.0018139999592676759 
-7.5001101493835449 0.49992796778678894 -0.0018139999592676759 
-6.5001101493835449 0.49992796778678894 -0.0018139999592676759 
-5.5001101493835449 0.49992796778678894 -0.0018139999592676759 
-4.5001101493835449 0.49992796778678894 -0.0018139999592676759 
-3.5001099109649658 0.49992796778678894 -0.0018139999592676759 
-2.5001099109649658 0.49992796778678894 -0.0018139999592676759 
-1.5001100301742554 0.49992796778678894 -0.0018139999592676759 
-0.50011301040649414 0.49992796778678894 -0.0018139999592676759 
0.49988698959350586 0.49992796778678894 -0.0018139999592676759 
1.4998899698257446 0.49992796778678894 -0.0018139999592676759 
2.4998900890350342 0.49992796778678894 -0.0018139999592676759 
3.4998900890350342 0.49992796778678894 -0.0018139999592676759 
4.4998898506164551 0.49992796778678894 -0.0018139999592676759 
5.4998898506164551 0.49992796778678894 -0.0018139999592676759 
6.4998898506164551 0.49992796778678894 -0.0018139999592676759 
7.4998898506164551 0.49992796778678894 -0.0018139999592676759 
8.4998903274536133 0.49992796778678894 -0.0018139999592676759 
9.4998903274536133 0.49992796778678894 -0.0018139999592676759 
10.499899864196777 0.49992796778678894 -0.0018139999592676759 
11.499899864196777 0.49992796778678894 -0.0018139999592676759 
12.499899864196777 0.49992796778678894 -0.0018139999592676759 
-12.500100135803223 1.4999300241470337 -0.0018139999592676759 
-11.500100135803223 1.4999300241470337 -0.0018139999592676759 
-10.500100135803223 1.4999300241470337 -0.0018139999592676759 
-9.5001096725463867 1.4999300241470337 -0.0018139999592676759 
-8.5001096725463867 1.4999300241470337 -0.0018139999592676759 
-7.5001101493835449 1.4999300241470337 -0.0018139999592676759 
-6.5001101493835449 1.4999300241470337 -0.0018139999592676759 
-5.5001101493835449 1.4999300241470337 -0.0018139999592676759 
-4.5001101493835449 1.4999300241470337 -0.0018139999592676759 
-3.5001099109649658 1.4999300241470337 -0.0018139999592676759 
-2.5001099109649658 1.4999300241470337 -0.0018139999592676759 
-1.5001100301742554 1.4999300241470337 -0.0018139999592676759 
-0.50011301040649414 1.4999300241470337 -0.0018139999592676759 
0.49988698959350586 1.4999300241470337 -0.0018139999592676759 
1.4998899698257446 1.4999300241470337 -0.0018139999592676759 
2.4998900890350342 1.4999300241470337 -0.0018139999592676759 
3.4998900890350342 1.4999300241470337 -0.0018139999592676759 
4.4998898506164551 1.4999300241470337 -0.0018139999592676759 
5.4998898506164551 1.4999300241470337 -0.0018139999592676759 
6.4998898506164551 1.4999300241470337 -0.0018139999592676759 
7.4998898506164551 1.4999300241470337 -0.0018139999592676759 
8.4998903274536133 1.4999300241470337 -0.0018139999592676759 
9.4998903274536133 1.4999300241470337 -0.0018139999592676759 
10.499899864196777 1.4999300241470337 -0.0018139999592676759 
11.499899864196777 1.4999300241470337 -0.0018139999592676759 
12.499899864196777 1.4999300241470337 -0.0018139999592676759 
-12.500100135803223 2.4999299049377441 -0.0018139999592676759 
-11.500100135803223 2.4999299049377441 -0.0018139999592676759 
-10.500100135803223 2.4999299049377441 -0.0018139999592676759 
-9.5001096725463867 2.4999299049377441 -0.0018139999592676759 
-8.5001096725463867 2.4999299049377441 -0.0018139999592676759 
-7.5001101493835449 2.4999299049377441 -0.0018139999592676759 
-6.5001101493835449 2.4999299049377441 -0.0018139999592676759 
-5.5001101493835449 2.4999299049377441 -0.0018139999592676759 
-4.5001101493835449 2.4999299049377441 -0.0018139999592676759 
-3.5001099109649658 2.4999299049377441 -0.0018139999592676759 
-2.5001099109649658 2.4999299049377441 -0.0018139999592676759 
-1.5001100301742554 2.4999299049377441 -0.0018139999592676759 
-0.50011301040649414 2.4999299049377441 -0.0018139999592676759 
0.49988698959350586 2.4999299049377441 -0.0018139999592676759 
1.4998899698257446 2.4999299049377441 -0.0018139999592676759 
2.4998900890350342 2.4999299049377441 -0.0018139999592676759 
3.4998900890350342 2.4999299049377441 -0.0018139999592676759 
4.4998898506164551 2.4999299049377441 -0.0018139999592676759 
5.4998898506164551 2.4999299049377441 -0.0018139999592676759 
6.4998898506164551 2.4999299049377441 -0.0018139999592676759 
7.4998898506164551 2.4999299049377441 -0.0018139999592676759 
8.4998903274536133 2.4999299049377441 -0.0018139999592676759 
9.4998903274536133 2.4999299049377441 -0.0018139999592676759 
10.499899864196777 2.4999299049377441 -0.0018139999592676759 
11.499899864196777 2.4999299049377441 -0.0018139999592676759 
12.499899864196777 2.4999299049377441 -0.0018139999592676759 
-12.500100135803223 3.4999301433563232 -0.0018139999592676759 
-11.500100135803223 3.4999301433563232 -0.0018139999592676759 
-10.500100135803223 3.4999301433563232 -0.0018139999592676759 
-9.5001096725463867 3.4999301433563232 -0.0018139999592676759 
-8.5001096725463867 3.4999301433563232 -0.0018139999592676759 
-7.5001101493835449 3.4999301433563232 -0.0018139999592676759 
-6.5001101493835449 3.4999301433563232 -0.0018139999592676759 
-5.5001101493835449 3.4999301433563232 -0.0018139999592676759 
-4.5001101493835449 3.4999301433563232 -0.0018139999592676759 
-3.5001099109649658 3.4999301433563232 -0.0018139999592676759 
-2.5001099109649658 3.4999301433563232 -0.0018139999592676759 
-1.5001100301742554 3.4999301433563232 -0.0018139999592676759 
-0.50011301040649414 3.4999301433563232 -0.0018139999592676759 
0.49988698959350586 3.4999301433563232 -0.0018139999592676759 
1.4998899698257446 3.4999301433563232 -0.0018139999592676759 
2.4998900890350342 3.4999301433563232 -0.0018139999592676759 
3.4998900890350342 3.4999301433563232 -0.0018139999592676759 
4.4998898506164551 3.4999301433563232 -0.0018139999592676759 
5.4998898506164551 3.4999301433563232 -0.0018139999592676759 
6.4998898506164551 3.4999301433563232 -0.0018139999592676759 
7.4998898506164551 3.4999301433563232 -0.0018139999592676759 
8.4998903274536133 3.4999301433563232 -0.0018139999592676759 
9.4998903274536133 3.4999301433563232 -0.0018139999592676759 
10.499899864196777 3.4999301433563232 -0.0018139999592676759 
11.499899864196777 3.4999301433563232 -0.0018139999592676759 
12.499899864196777 3.4999301433563232 -0.0018139999592676759 
-12.500100135803223 4.4999299049377441 -0.0018139999592676759 
-11.500100135803223 4.4999299049377441 -0.0018139999592676759 
-10.500100135803223 4.4999299049377441 -0.0018139999592676759 
-9.5001096725463867 4.4999299049377441 -0.0018139999592676759 
-8.5001096725463867 4.4999299049377441 -0.0018139999592676759 
-7.5001101493835449 4.4999299049377441 -0.0018139999592676759 
-6.5001101493835449 4.4999299049377441 -0.0018139999592676759 
-5.5001101493835449 4.4999299049377441 -0.0018139999592676759 
-4.5001101493835449 4.4999299049377441 -0.0018139999592676759 
-3.5001099109649658 4.4999299049377441 -0.0018139999592676759 
-2.5001099109649658 4.4999299049377441 -0.0018139999592676759 
-1.5001100301742554 4.4999299049377441 -0.0018139999592676759 
-0.50011301040649414 4.4999299049377441 -0.0018139999592676759 
0.49988698959350586 4.4999299049377441 -0.0018139999592676759 
1.4998899698257446 4.4999299049377441 -0.0018139999592676759 
2.4998900890350342 4.4999299049377441 -0.0018139999592676759 
3.4998900890350342 4.4999299049377441 -0.0018139999592676759 
4.4998898506164551 4.4999299049377441 -0.0018139999592676759 
5.4998898506164551 4.4999299049377441 -0.0018139999592676759 
6.4998898506164551 4.4999299049377441 -0.0018139999592676759 
7.4998898506164551 4.4999299049377441 -0.0018139999592676759 
8.4998903274536133 4.4999299049377441 -0.0018139999592676759 
9.4998903274536133 4.4999299049377441 -0.0018139999592676759 
10.499899864196777 4.4999299049377441 -0.0018139999592676759 
11.499899864196777 4.4999299049377441 -0.0018139999592676759 
12.499899864196777 4.4999299049377441 -0.0018139999592676759 
-12.500100135803223 5.4999299049377441 -0.0018139999592676759 
-11.500100135803223 5.4999299049377441 -0.0018139999592676759 
-10.500100135803223 5.4999299049377441 -0.0018139999592676759 
-9.5001096725463867 5.4999299049377441 -0.0018139999592676759 
-8.5001096725463867 5.4999299049377441 -0.0018139999592676759 
-7.5001101493835449 5.4999299049377441 -0.0018139999592676759 
-6.5001101493835449 5.4999299049377441 -0.0018139999592676759 
-5.5001101493835449 5.4999299049377441 -0.0018139999592676759 
-4.5001101493835449 5.4999299049377441 -0.0018139999592676759 
-3.5001099109649658 5.4999299049377441 -0.0018139999592676759 
-2.5001099109649658 5.4999299049377441 -0.0018139999592676759 
-1.5001100301742554 5.4999299049377441 -0.0018139999592676759 
-0.50011301040649414 5.4999299049377441 -0.0018139999592676759 
0.49988698959350586 5.4999299049377441 -0.0018139999592676759 
1.4998899698257446 5.4999299049377441 -0.0018139999592676759 
2.4998900890350342 5.4999299049377441 -0.0018139999592676759 
3.4998900890350342 5.4999299049377441 -0.0018139999592676759 
4.4998898506164551 5.4999299049377441 -0.0018139999592676759 
5.4998898506164551 5.4999299049377441 -0.0018139999592676759 
6.4998898506164551 5.4999299049377441 -0.0018139999592676759 
7.4998898506164551 5.4999299049377441 -0.0018139999592676759 
8.4998903274536133 5.4999299049377441 -0.0018139999592676759 
9.4998903274536133 5.4999299049377441 -0.0018139999592676759 
10.499899864196777 5.4999299049377441 -0.0018139999592676759 
11.499899864196777 5.4999299049377441 -0.0018139999592676759 
12.499899864196777 5.4999299049377441 -0.0018139999592676759 
-12.500100135803223 6.4999303817749023 -0.0018139999592676759 
-11.500100135803223 6.4999303817749023 -0.0018139999592676759 
-10.500100135803223 6.4999303817749023 -0.0018139999592676759 
-9.5001096725463867 6.4999303817749023 -0.0018139999592676759 
-8.5001096725463867 6.4999303817749023 -0.0018139999592676759 
-7.5001101493835449 6.4999303817749023 -0.0018139999592676759 
-6.5001101493835449 6.4999303817749023 -0.0018139999592676759 
-5.5001101493835449 6.4999303817749023 -0.0018139999592676759 
-4.5001101493835449 6.4999303817749023 -0.0018139999592676759 
-3.5001099109649658 6.4999303817749023 -0.0018139999592676759 
-2.5001099109649658 6.4999303817749023 -0.0018139999592676759 
-1.5001100301742554 6.4999303817749023 -0.0018139999592676759 
-0.50011301040649414 6.4999303817749023 -0.0018139999592676759 
0.49988698959350586 6.4999303817749023 -0.0018139999592676759 
1.4998899698257446 6.4999303817749023 -0.0018139999592676759 
2.4998900890350342 6.4999303817749023 -0.0018139999592676759 
3.4998900890350342 6.4999303817749023 -0.0018139999592676759 
4.4998898506164551 6.4999303817749023 -0.0018139999592676759 
5.4998898506164551 6.4999303817749023 -0.0018139999592676759 
6.4998898506164551 6.4999303817749023 -0.0018139999592676759 
7.4998898506164551 6.4999303817749023 -0.0018139999592676759 
8.4998903274536133 6.4999303817749023 -0.0018139999592676759 
9.4998903274536133 6.4999303817749023 -0.0018139999592676759 
10.499899864196777 6.4999303817749023 -0.0018139999592676759 
11.499899864196777 6.4999303817749023 -0.0018139999592676759 
12.499899864196777 6.4999303817749023 -0.0018139999592676759 
-12.500100135803223 7.4999299049377441 -0.0018139999592676759 
-11.500100135803223 7.4999299049377441 -0.0018139999592676759 
-10.500100135803223 7.4999299049377441 -0.0018139999592676759 
-9.5001096725463867 7.4999299049377441 -0.0018139999592676759 
-8.5001096725463867 7.4999299049377441 -0.0018139999592676759 
-7.5001101493835449 7.4999299049377441 -0.0018139999592676759 
-6.5001101493835449 7.4999299049377441 -0.0018139999592676759 
-5.5001101493835449 7.4999299049377441 -0.0018139999592676759 
-4.5001101493835449 7.4999299049377441 -0.0018139999592676759 
-3.5001099109649658 7.4999299049377441 -0.0018139999592676759 
-2.5001099109649658 7.4999299049377441 -0.0018139999592676759 
-1.5001100301742554 7.4999299049377441 -0.0018139999592676759 
-0.50011301040649414 7.4999299049377441 -0.0018139999592676759 
0.49988698959350586 7.4999299049377441 -0.0018139999592676759 
1.4998899698257446 7.4999299049377441 -0.0018139999592676759 
2.4998900890350342 7.4999299049377441 -0.0018139999592676759 
3.4998900890350342 7.4999299049377441 -0.0018139999592676759 
4.4998898506164551 7.4999299049377441 -0.0018139999592676759 
5.4998898506164551 7.4999299049377441 -0.0018139999592676759 
6.4998898506164551 7.4999299049377441 -0.0018139999592676759 
7.4998898506164551 7.4999299049377441 -0.0018139999592676759 
8.4998903274536133 7.4999299049377441 -0.0018139999592676759 
9.4998903274536133 7.4999299049377441 -0.0018139999592676759 
10.499899864196777 7.4999299049377441 -0.0018139999592676759 
11.499899864196777 7.4999299049377441 -0.0018139999592676759 
12.499899864196777 7.4999299049377441 -0.0018139999592676759 
-12.500100135803223 8.4999303817749023 -0.0018139999592676759 
-11.500100135803223 8.4999303817749023 -0.0018139999592676759 
-10.500100135803223 8.4999303817749023 -0.0018139999592676759 
-9.5001096725463867 8.4999303817749023 -0.0018139999592676759 
-8.5001096725463867 8.4999303817749023 -0.0018139999592676759 
-7.5001101493835449 8.4999303817749023 -0.0018139999592676759 
-6.5001101493835449 8.4999303817749023 -0.0018139999592676759 
-5.5001101493835449 8.4999303817749023 -0.0018139999592676759 
-4.5001101493835449 8.4999303817749023 -0.0018139999592676759 
-3.5001099109649658 8.4999303817749023 -0.0018139999592676759 
-2.5001099109649658 8.4999303817749023 -0.0018139999592676759 
-1.5001100301742554 8.4999303817749023 -0.0018139999592676759 
-0.50011301040649414 8.4999303817749023 -0.0018139999592676759 
0.49988698959350586 8.4999303817749023 -0.0018139999592676759 
1.4998899698257446 8.4999303817749023 -0.0018139999592676759 
2.4998900890350342 8.4999303817749023 -0.0018139999592676759 
3.4998900890350342 8.4999303817749023 -0.0018139999592676759 
4.4998898506164551 8.4999303817749023 -0.0018139999592676759 
5.4998898506164551 8.4999303817749023 -0.0018139999592676759 
6.4998898506164551 8.4999303817749023 -0.0018139999592676759 
7.4998898506164551 8.4999303817749023 -0.0018139999592676759 
8.4998903274536133 8.4999303817749023 -0.0018139999592676759 
9.4998903274536133 8.4999303817749023 -0.0018139999592676759 
10.499899864196777 8.4999303817749023 -0.0018139999592676759 
11.499899864196777 8.4999303817749023 -0.0018139999592676759 
12.499899864196777 8.4999303817749023 -0.0018139999592676759 
-12.500100135803223 9.4999303817749023 -0.0018139999592676759 
-11.500100135803223 9.4999303817749023 -0.0018139999592676759 
-10.500100135803223 9.4999303817749023 -0.0018139999592676759 
-9.5001096725463867 9.4999303817749023 -0.0018139999592676759 
-8.5001096725463867 9.4999303817749023 -0.0018139999592676759 
-7.5001101493835449 9.4999303817749023 -0.0018139999592676759 
-6.5001101493835449 9.4999303817749023 -0.0018139999592676759 
-5.5001101493835449 9.4999303817749023 -0.0018139999592676759 
-4.5001101493835449 9.4999303817749023 -0.0018139999592676759 
-3.5001099109649658 9.4999303817749023 -0.0018139999592676759 
-2.5001099109649658 9.4999303817749023 -0.0018139999592676759 
-1.5001100301742554 9.4999303817749023 -0.0018139999592676759 
-0.50011301040649414 9.4999303817749023 -0.0018139999592676759 
0.49988698959350586 9.4999303817749023 -0.0018139999592676759 
1.4998899698257446 9.4999303817749023 -0.0018139999592676759 
2.4998900890350342 9.4999303817749023 -0.0018139999592676759 
3.4998900890350342 9.4999303817749023 -0.0018139999592676759 
4.4998898506164551 9.4999303817749023 -0.0018139999592676759 
5.4998898506164551 9.4999303817749023 -0.0018139999592676759 
6.4998898506164551 9.4999303817749023 -0.0018139999592676759 
7.4998898506164551 9.4999303817749023 -0.0018139999592676759 
8.4998903274536133 9.4999303817749023 -0.0018139999592676759 
9.4998903274536133 9.4999303817749023 -0.0018139999592676759 
10.499899864196777 9.4999303817749023 -0.0018139999592676759 
11.499899864196777 9.4999303817749023 -0.0018139999592676759 
12.499899864196777 9.4999303817749023 -0.0018139999592676759 
-12.500100135803223 10.499899864196777 -0.0018139999592676759 
-11.500100135803223 10.499899864196777 -0.0018139999592676759 
-10.500100135803223 10.499899864196777 -0.0018139999592676759 
-9.5001096725463867 10.499899864196777 -0.0018139999592676759 
-8.5001096725463867 10.499899864196777 -0.0018139999592676759 
-7.5001101493835449 10.499899864196777 -0.0018139999592676759 
-6.5001101493835449 10.499899864196777 -0.0018139999592676759 
-5.5001101493835449 10.499899864196777 -0.0018139999592676759 
-4.5001101493835449 10.499899864196777 -0.0018139999592676759 
-3.5001099109649658 10.499899864196777 -0.0018139999592676759 
-2.5001099109649658 10.499899864196777 -0.0018139999592676759 
-1.5001100301742554 10.499899864196777 -0.0018139999592676759 
-0.50011301040649414 10.499899864196777 -0.0018139999592676759 
0.49988698959350586 10.499899864196777 -0.0018139999592676759 
1.4998899698257446 10.499899864196777 -0.0018139999592676759 
2.4998900890350342 10.499899864196777 -0.0018139999592676759 
3.4998900890350342 10.499899864196777 -0.0018139999592676759 
4.4998898506164551 10.499899864196777 -0.0018139999592676759 
5.4998898506164551 10.499899864196777 -0.0018139999592676759 
6.4998898506164551 10.499899864196777 -0.0018139999592676759 
7.4998898506164551 10.499899864196777 -0.0018139999592676759 
8.4998903274536133 10.499899864196777 -0.0018139999592676759 
9.4998903274536133 10.499899864196777 -0.0018139999592676759 
10.499899864196777 10.499899864196777 -0.0018139999592676759 
11.499899864196777 10.499899864196777 -0.0018139999592676759 
12.499899864196777 10.499899864196777 -0.0018139999592676759 
-12.500100135803223 11.499899864196777 -0.0018139999592676759 
-11.500100135803223 11.499899864196777 -0.0018139999592676759 
-10.500100135803223 11.499899864196777 -0.0018139999592676759 
-9.5001096725463867 11.499899864196777 -0.0018139999592676759 
-8.5001096725463867 11.499899864196777 -0.0018139999592676759 
-7.5001101493835449 11.499899864196777 -0.0018139999592676759 
-6.5001101493835449 11.499899864196777 -0.0018139999592676759 
-5.5001101493835449 11.499899864196777 -0.0018139999592676759 
-4.5001101493835449 11.499899864196777 -0.0018139999592676759 
-3.5001099109649658 11.499899864196777 -0.0018139999592676759 
-2.5001099109649658 11.499899864196777 -0.0018139999592676759 
-1.5001100301742554 11.499899864196777 -0.0018139999592676759 
-0.50011301040649414 11.499899864196777 -0.0018139999592676759 
0.49988698959350586 11.499899864196777 -0.0018139999592676759 
1.4998899698257446 11.499899864196777 -0.0018139999592676759 
2.4998900890350342 11.499899864196777 -0.0018139999592676759 
3.4998900890350342 11.499899864196777 -0.0018139999592676759 
4.4998898506164551 11.499899864196777 -0.0018139999592676759 
5.4998898506164551 11.499899864196777 -0.0018139999592676759 
6.4998898506164551 11.499899864196777 -0.0018139999592676759 
7.4998898506164551 11.499899864196777 -0.0018139999592676759 
8.4998903274536133 11.499899864196777 -0.0018139999592676759 
9.4998903274536133 11.499899864196777 -0.0018139999592676759 
10.499899864196777 11.499899864196777 -0.0018139999592676759 
11.499899864196777 11.499899864196777 -0.0018139999592676759 
12.499899864196777 11.499899864196777 -0.0018139999592676759 
-12.500100135803223 12.499899864196777 -0.0018139999592676759 
-11.500100135803223 12.499899864196777 -0.0018139999592676759 
-10.500100135803223 12.499899864196777 -0.0018139999592676759 
-9.5001096725463867 12.499899864196777 -0.0018139999592676759 
-8.5001096725463867 12.499899864196777 -0.0018139999592676759 
-7.5001101493835449 12.499899864196777 -0.0018139999592676759 
-6.5001101493835449 12.499899864196777 -0.0018139999592676759 
-5.5001101493835449 12.499899864196777 -0.0018139999592676759 
-4.5001101493835449 12.499899864196777 -0.0018139999592676759 
-3.5001099109649658 12.499899864196777 -0.0018139999592676759 
-2.5001099109649658 12.499899864196777 -0.0018139999592676759 
-1.5001100301742554 12.499899864196777 -0.0018139999592676759 
-0.50011301040649414 12.499899864196777 -0.0018139999592676759 
0.49988698959350586 12.499899864196777 -0.0018139999592676759 
1.4998899698257446 12.499899864196777 -0.0018139999592676759 
2.4998900890350342 12.499899864196777 -0.0018139999592676759 
3.4998900890350342 12.499899864196777 -0.0018139999592676759 
4.4998898506164551 12.499899864196777 -0.0018139999592676759 
5.4998898506164551 12.499899864196777 -0.0018139999592676759 
6.4998898506164551 12.499899864196777 -0.0018139999592676759 
7.4998898506164551 12.499899864196777 -0.0018139999592676759 
8.4998903274536133 12.499899864196777 -0.0018139999592676759 
9.4998903274536133 12.499899864196777 -0.0018139999592676759 
10.499899864196777 12.499899864196777 -0.0018139999592676759 
11.499899864196777 12.499899864196777 -0.0018139999592676759 
12.499899864196777 12.499899864196777 -0.0018139999592676759 
-12.000100135803223 -12.000100135803223 -0.0018139999592676759 
-11.000100135803223 -12.000100135803223 -0.0018139999592676759 
-10.000100135803223 -12.000100135803223 -0.0018139999592676759 
-9.0001096725463867 -12.000100135803223 -0.0018139999592676759 
-8.0001096725463867 -12.000100135803223 -0.0018139999592676759 
-7.0001096725463867 -12.000100135803223 -0.0018139999592676759 
-6.0001101493835449 -12.000100135803223 -0.0018139999592676759 
-5.0001101493835449 -12.000100135803223 -0.0018139999592676759 
-4.0001101493835449 -12.000100135803223 -0.0018139999592676759 
-3.0001099109649658 -12.000100135803223 -0.0018139999592676759 
-2.0001099109649658 -12.000100135803223 -0.0018139999592676759 
-1.0001100301742554 -12.000100135803223 -0.0018139999592676759 
-0.000112749999971129 -12.000100135803223 -0.0018139999592676759 
0.99988698959350586 -12.000100135803223 -0.0018139999592676759 
1.9998899698257446 -12.000100135803223 -0.0018139999592676759 
2.9998900890350342 -12.000100135803223 -0.0018139999592676759 
3.9998900890350342 -12.000100135803223 -0.0018139999592676759 
4.9998898506164551 -12.000100135803223 -0.0018139999592676759 
5.9998898506164551 -12.000100135803223 -0.0018139999592676759 
6.9998903274536133 -12.000100135803223 -0.0018139999592676759 
7.9998898506164551 -12.000100135803223 -0.0018139999592676759 
8.9998903274536133 -12.000100135803223 -0.0018139999592676759 
9.9998903274536133 -12.000100135803223 -0.0018139999592676759 
10.999899864196777 -12.000100135803223 -0.0018139999592676759 
11.999899864196777 -12.000100135803223 -0.0018139999592676759 
-12.000100135803223 -11.000100135803223 -0.0018139999592676759 
-11.000100135803223 -11.000100135803223 -0.0018139999592676759 
-10.000100135803223 -11.000100135803223 -0.0018139999592676759 
-9.0001096725463867 -11.000100135803223 -0.0018139999592676759 
-8.0001096725463867 -11.000100135803223 -0.0018139999592676759 
-7.0001096725463867 -11.000100135803223 -0.0018139999592676759 
-6.0001101493835449 -11.000100135803223 -0.0018139999592676759 
-5.0001101493835449 -11.000100135803223 -0.0018139999592676759 
-4.0001101493835449 -11.000100135803223 -0.0018139999592676759 
-3.0001099109649658 -11.000100135803223 -0.0018139999592676759 
-2.0001099109649658 -11.000100135803223 -0.0018139999592676759 
-1.0001100301742554 -11.000100135803223 -0.0018139999592676759 
-0.000112749999971129 -11.000100135803223 -0.0018139999592676759 
0.99988698959350586 -11.000100135803223 -0.0018139999592676759 
1.9998899698257446 -11.000100135803223 -0.0018139999592676759 
2.9998900890350342 -11.000100135803223 -0.0018139999592676759 
3.9998900890350342 -11.000100135803223 -0.0018139999592676759 
4.9998898506164551 -11.000100135803223 -0.0018139999592676759 
5.9998898506164551 -11.000100135803223 -0.0018139999592676759 
6.9998903274536133 -11.000100135803223 -0.0018139999592676759 
7.9998898506164551 -11.000100135803223 -0.0018139999592676759 
8.9998903274536133 -11.000100135803223 -0.0018139999592676759 
9.9998903274536133 -11.000100135803223 -0.0018139999592676759 
10.999899864196777 -11.000100135803223 -0.0018139999592676759 
11.999899864196777 -11.000100135803223 -0.0018139999592676759 
-12.000100135803223 -10.000100135803223 -0.0018139999592676759 
-11.000100135803223 -10.000100135803223 -0.0018139999592676759 
-10.000100135803223 -10.000100135803223 -0.0018139999592676759 
-9.0001096725463867 -10.000100135803223 -0.0018139999592676759 
-8.0001096725463867 -10.000100135803223 -0.0018139999592676759 
-7.0001096725463867 -10.000100135803223 -0.0018139999592676759 
-6.0001101493835449 -10.000100135803223 -0.0018139999592676759 
-5.0001101493835449 -10.000100135803223 -0.0018139999592676759 
-4.0001101493835449 -10.000100135803223 -0.0018139999592676759 
-3.0001099109649658 -10.000100135803223 -0.0018139999592676759 
-2.0001099109649658 -10.000100135803223 -0.0018139999592676759 
-1.0001100301742554 -10.000100135803223 -0.0018139999592676759 
-0.000112749999971129 -10.000100135803223 -0.0018139999592676759 
0.99988698959350586 -10.000100135803223 -0.0018139999592676759 
1.9998899698257446 -10.000100135803223 -0.0018139999592676759 
2.9998900890350342 -10.000100135803223 -0.0018139999592676759 
3.9998900890350342 -10.000100135803223 -0.0018139999592676759 
4.9998898506164551 -10.000100135803223 -0.0018139999592676759 
5.9998898506164551 -10.000100135803223 -0.0018139999592676759 
6.9998903274536133 -10.000100135803223 -0.0018139999592676759 
7.9998898506164551 -10.000100135803223 -0.0018139999592676759 
8.9998903274536133 -10.000100135803223 -0.0018139999592676759 
9.9998903274536133 -10.000100135803223 -0.0018139999592676759 
10.999899864196777 -10.000100135803223 -0.0018139999592676759 
11.999899864196777 -10.000100135803223 -0.0018139999592676759 
-12.000100135803223 -9.0000696182250977 -0.0018139999592676759 
-11.000100135803223 -9.0000696182250977 -0.0018139999592676759 
-10.000100135803223 -9.0000696182250977 -0.0018139999592676759 
-9.0001096725463867 -9.0000696182250977 -0.0018139999592676759 
-8.0001096725463867 -9.0000696182250977 -0.0018139999592676759 
-7.0001096725463867 -9.0000696182250977 -0.0018139999592676759 
-6.0001101493835449 -9.0000696182250977 -0.0018139999592676759 
-5.0001101493835449 -9.0000696182250977 -0.0018139999592676759 
-4.0001101493835449 -9.0000696182250977 -0.0018139999592676759 
-3.0001099109649658 -9.0000696182250977 -0.0018139999592676759 
-2.0001099109649658 -9.0000696182250977 -0.0018139999592676759 
-1.0001100301742554 -9.0000696182250977 -0.0018139999592676759 
-0.000112749999971129 -9.0000696182250977 -0.0018139999592676759 
0.99988698959350586 -9.0000696182250977 -0.0018139999592676759 
1.9998899698257446 -9.0000696182250977 -0.0018139999592676759 
2.9998900890350342 -9.0000696182250977 -0.0018139999592676759 
3.9998900890350342 -9.0000696182250977 -0.0018139999592676759 
4.9998898506164551 -9.0000696182250977 -0.0018139999592676759 
5.9998898506164551 -9.0000696182250977 -0.0018139999592676759 
6.9998903274536133 -9.0000696182250977 -0.0018139999592676759 
7.9998898506164551 -9.0000696182250977 -0.0018139999592676759 
8.9998903274536133 -9.0000696182250977 -0.0018139999592676759 
9.9998903274536133 -9.0000696182250977 -0.0018139999592676759 
10.999899864196777 -9.0000696182250977 -0.0018139999592676759 
11.999899864196777 -9.0000696182250977 -0.0018139999592676759 
-12.000100135803223 -8.0000696182250977 -0.0018139999592676759 
-11.000100135803223 -8.0000696182250977 -0.0018139999592676759 
-10.000100135803223 -8.0000696182250977 -0.0018139999592676759 
-9.0001096725463867 -8.0000696182250977 -0.0018139999592676759 
-8.0001096725463867 -8.0000696182250977 -0.0018139999592676759 
-7.0001096725463867 -8.0000696182250977 -0.0018139999592676759 
-6.0001101493835449 -8.0000696182250977 -0.0018139999592676759 
-5.0001101493835449 -8.0000696182250977 -0.0018139999592676759 
-4.0001101493835449 -8.0000696182250977 -0.0018139999592676759 
-3.0001099109649658 -8.0000696182250977 -0.0018139999592676759 
-2.0001099109649658 -8.0000696182250977 -0.0018139999592676759 
-1.0001100301742554 -8.0000696182250977 -0.0018139999592676759 
-0.000112749999971129 -8.0000696182250977 -0.0018139999592676759 
0.99988698959350586 -8.0000696182250977 -0.0018139999592676759 
1.9998899698257446 -8.0000696182250977 -0.0018139999592676759 
2.9998900890350342 -8.0000696182250977 -0.0018139999592676759 
3.9998900890350342 -8.0000696182250977 -0.0018139999592676759 
4.9998898506164551 -8.0000696182250977 -0.0018139999592676759 
5.9998898506164551 -8.0000696182250977 -0.0018139999592676759 
6.9998903274536133 -8.0000696182250977 -0.0018139999592676759 
7.9998898506164551 -8.0000696182250977 -0.0018139999592676759 
8.9998903274536133 -8.0000696182250977 -0.0018139999592676759 
9.9998903274536133 -8.0000696182250977 -0.0018139999592676759 
10.999899864196777 -8.0000696182250977 -0.0018139999592676759 
11.999899864196777 -8.0000696182250977 -0.0018139999592676759 
-12.000100135803223 -7.0000705718994141 -0.0018139999592676759 
-11.000100135803223 -7.0000705718994141 -0.0018139999592676759 
-10.000100135803223 -7.0000705718994141 -0.0018139999592676759 
-9.0001096725463867 -7.0000705718994141 -0.0018139999592676759 
-8.0001096725463867 -7.0000705718994141 -0.0018139999592676759 
-7.0001096725463867 -7.0000705718994141 -0.0018139999592676759 
-6.0001101493835449 -7.0000705718994141 -0.0018139999592676759 
-5.0001101493835449 -7.0000705718994141 -0.0018139999592676759 
-4.0001101493835449 -7.0000705718994141 -0.0018139999592676759 
-3.0001099109649658 -7.0000705718994141 -0.0018139999592676759 
-2.0001099109649658 -7.0000705718994141 -0.0018139999592676759 
-1.0001100301742554 -7.0000705718994141 -0.0018139999592676759 
-0.000112749999971129 -7.0000705718994141 -0.0018139999592676759 
0.99988698959350586 -7.0000705718994141 -0.0018139999592676759 
1.9998899698257446 -7.0000705718994141 -0.0018139999592676759 
2.9998900890350342 -7.0000705718994141 -0.0018139999592676759 
3.9998900890350342 -7.0000705718994141 -0.0018139999592676759 
4.9998898506164551 -7.0000705718994141 -0.0018139999592676759 
5.9998898506164551 -7.0000705718994141 -0.0018139999592676759 
6.9998903274536133 -7.0000705718994141 -0.0018139999592676759 
7.9998898506164551 -7.0000705718994141 -0.0018139999592676759 
8.9998903274536133 -7.0000705718994141 -0.0018139999592676759 
9.9998903274536133 -7.0000705718994141 -0.0018139999592676759 
10.999899864196777 -7.0000705718994141 -0.0018139999592676759 
11.999899864196777 -7.0000705718994141 -0.0018139999592676759 
-12.000100135803223 -6.0000700950622559 -0.0018139999592676759 
-11.000100135803223 -6.0000700950622559 -0.0018139999592676759 
-10.000100135803223 -6.0000700950622559 -0.0018139999592676759 
-9.0001096725463867 -6.0000700950622559 -0.0018139999592676759 
-8.0001096725463867 -6.0000700950622559 -0.0018139999592676759 
-7.0001096725463867 -6.0000700950622559 -0.0018139999592676759 
-6.0001101493835449 -6.0000700950622559 -0.0018139999592676759 
-5.0001101493835449 -6.0000700950622559 -0.0018139999592676759 
-4.0001101493835449 -6.0000700950622559 -0.0018139999592676759 
-3.0001099109649658 -6.0000700950622559 -0.0018139999592676759 
-2.0001099109649658 -6.0000700950622559 -0.0018139999592676759 
-1.0001100301742554 -6.0000700950622559 -0.0018139999592676759 
-0.000112749999971129 -6.0000700950622559 -0.0018139999592676759 
0.99988698959350586 -6.0000700950622559 -0.0018139999592676759 
1.9998899698257446 -6.0000700950622559 -0.0018139999592676759 
2.9998900890350342 -6.0000700950622559 -0.0018139999592676759 
3.9998900890350342 -6.0000700950622559 -0.0018139999592676759 
4.9998898506164551 -6.0000700950622559 -0.0018139999592676759 
5.9998898506164551 -6.0000700950622559 -0.0018139999592676759 
6.9998903274536133 -6.0000700950622559 -0.0018139999592676759 
7.9998898506164551 -6.0000700950622559 -0.0018139999592676759 
8.9998903274536133 -6.0000700950622559 -0.0018139999592676759 
9.9998903274536133 -6.0000700950622559 -0.0018139999592676759 
10.999899864196777 -6.0000700950622559 -0.0018139999592676759 
11.999899864196777 -6.0000700950622559 -0.0018139999592676759 
-12.000100135803223 -5.0000700950622559 -0.0018139999592676759 
-11.000100135803223 -5.0000700950622559 -0.0018139999592676759 
-10.000100135803223 -5.0000700950622559 -0.0018139999592676759 
-9.0001096725463867 -5.0000700950622559 -0.0018139999592676759 
-8.0001096725463867 -5.0000700950622559 -0.0018139999592676759 
-7.0001096725463867 -5.0000700950622559 -0.0018139999592676759 
-6.0001101493835449 -5.0000700950622559 -0.0018139999592676759 
-5.0001101493835449 -5.0000700950622559 -0.0018139999592676759 
-4.0001101493835449 -5.0000700950622559 -0.0018139999592676759 
-3.0001099109649658 -5.0000700950622559 -0.0018139999592676759 
-2.0001099109649658 -5.0000700950622559 -0.0018139999592676759 
-1.0001100301742554 -5.0000700950622559 -0.0018139999592676759 
-0.000112749999971129 -5.0000700950622559 -0.0018139999592676759 
0.99988698959350586 -5.0000700950622559 -0.0018139999592676759 
1.9998899698257446 -5.0000700950622559 -0.0018139999592676759 
2.9998900890350342 -5.0000700950622559 -0.0018139999592676759 
3.9998900890350342 -5.0000700950622559 -0.0018139999592676759 
4.9998898506164551 -5.0000700950622559 -0.0018139999592676759 
5.9998898506164551 -5.0000700950622559 -0.0018139999592676759 
6.9998903274536133 -5.0000700950622559 -0.0018139999592676759 
7.9998898506164551 -5.0000700950622559 -0.0018139999592676759 
8.9998903274536133 -5.0000700950622559 -0.0018139999592676759 
9.9998903274536133 -5.0000700950622559 -0.0018139999592676759 
10.999899864196777 -5.0000700950622559 -0.0018139999592676759 
11.999899864196777 -5.0000700950622559 -0.0018139999592676759 
-12.000100135803223 -4.0000700950622559 -0.0018139999592676759 
-11.000100135803223 -4.0000700950622559 -0.0018139999592676759 
-10.000100135803223 -4.0000700950622559 -0.0018139999592676759 
-9.0001096725463867 -4.0000700950622559 -0.0018139999592676759 
-8.0001096725463867 -4.0000700950622559 -0.0018139999592676759 
-7.0001096725463867 -4.0000700950622559 -0.0018139999592676759 
-6.0001101493835449 -4.0000700950622559 -0.0018139999592676759 
-5.0001101493835449 -4.0000700950622559 -0.0018139999592676759 
-4.0001101493835449 -4.0000700950622559 -0.0018139999592676759 
-3.0001099109649658 -4.0000700950622559 -0.0018139999592676759 
-2.0001099109649658 -4.0000700950622559 -0.0018139999592676759 
-1.0001100301742554 -4.0000700950622559 -0.0018139999592676759 
-0.000112749999971129 -4.0000700950622559 -0.0018139999592676759 
0.99988698959350586 -4.0000700950622559 -0.0018139999592676759 
1.9998899698257446 -4.0000700950622559 -0.0018139999592676759 
2.9998900890350342 -4.0000700950622559 -0.0018139999592676759 
3.9998900890350342 -4.0000700950622559 -0.0018139999592676759 
4.9998898506164551 -4.0000700950622559 -0.0018139999592676759 
5.9998898506164551 -4.0000700950622559 -0.0018139999592676759 
6.9998903274536133 -4.0000700950622559 -0.0018139999592676759 
7.9998898506164551 -4.0000700950622559 -0.0018139999592676759 
8.9998903274536133 -4.0000700950622559 -0.0018139999592676759 
9.9998903274536133 -4.0000700950622559 -0.0018139999592676759 
10.999899864196777 -4.0000700950622559 -0.0018139999592676759 
11.999899864196777 -4.0000700950622559 -0.0018139999592676759 
-12.000100135803223 -3.0000700950622559 -0.0018139999592676759 
-11.000100135803223 -3.0000700950622559 -0.0018139999592676759 
-10.000100135803223 -3.0000700950622559 -0.0018139999592676759 
-9.0001096725463867 -3.0000700950622559 -0.0018139999592676759 
-8.0001096725463867 -3.0000700950622559 -0.0018139999592676759 
-7.0001096725463867 -3.0000700950622559 -0.0018139999592676759 
-6.0001101493835449 -3.0000700950622559 -0.0018139999592676759 
-5.0001101493835449 -3.0000700950622559 -0.0018139999592676759 
-4.0001101493835449 -3.0000700950622559 -0.0018139999592676759 
-3.0001099109649658 -3.0000700950622559 -0.0018139999592676759 
-2.0001099109649658 -3.0000700950622559 -0.0018139999592676759 
-1.0001100301742554 -3.0000700950622559 -0.0018139999592676759 
-0.000112749999971129 -3.0000700950622559 -0.0018139999592676759 
0.99988698959350586 -3.0000700950622559 -0.0018139999592676759 
1.9998899698257446 -3.0000700950622559 -0.0018139999592676759 
2.9998900890350342 -3.0000700950622559 -0.0018139999592676759 
3.9998900890350342 -3.0000700950622559 -0.0018139999592676759 
4.9998898506164551 -3.0000700950622559 -0.0018139999592676759 
5.9998898506164551 -3.0000700950622559 -0.0018139999592676759 
6.9998903274536133 -3.0000700950622559 -0.0018139999592676759 
7.9998898506164551 -3.0000700950622559 -0.0018139999592676759 
8.9998903274536133 -3.0000700950622559 -0.0018139999592676759 
9.9998903274536133 -3.0000700950622559 -0.0018139999592676759 
10.999899864196777 -3.0000700950622559 -0.0018139999592676759 
11.999899864196777 -3.0000700950622559 -0.0018139999592676759 
-12.000100135803223 -2.0000700950622559 -0.0018139999592676759 
-11.000100135803223 -2.0000700950622559 -0.0018139999592676759 
-10.000100135803223 -2.0000700950622559 -0.0018139999592676759 
-9.0001096725463867 -2.0000700950622559 -0.0018139999592676759 
-8.0001096725463867 -2.0000700950622559 -0.0018139999592676759 
-7.0001096725463867 -2.0000700950622559 -0.0018139999592676759 
-6.0001101493835449 -2.0000700950622559 -0.0018139999592676759 
-5.0001101493835449 -2.0000700950622559 -0.0018139999592676759 
-4.0001101493835449 -2.0000700950622559 -0.0018139999592676759 
-3.0001099109649658 -2.0000700950622559 -0.0018139999592676759 
-2.0001099109649658 -2.0000700950622559 -0.0018139999592676759 
-1.0001100301742554 -2.0000700950622559 -0.0018139999592676759 
-0.000112749999971129 -2.0000700950622559 -0.0018139999592676759 
0.99988698959350586 -2.0000700950622559 -0.0018139999592676759 
1.9998899698257446 -2.0000700950622559 -0.0018139999592676759 
2.9998900890350342 -2.0000700950622559 -0.0018139999592676759 
3.9998900890350342 -2.0000700950622559 -0.0018139999592676759 
4.9998898506164551 -2.0000700950622559 -0.0018139999592676759 
5.9998898506164551 -2.0000700950622559 -0.0018139999592676759 
6.9998903274536133 -2.0000700950622559 -0.0018139999592676759 
7.9998898506164551 -2.0000700950622559 -0.0018139999592676759 
8.9998903274536133 -2.0000700950622559 -0.0018139999592676759 
9.9998903274536133 -2.0000700950622559 -0.0018139999592676759 
10.999899864196777 -2.0000700950622559 -0.0018139999592676759 
11.999899864196777 -2.0000700950622559 -0.0018139999592676759 
-12.000100135803223 -1.0000699758529663 -0.0018139999592676759 
-11.000100135803223 -1.0000699758529663 -0.0018139999592676759 
-10.000100135803223 -1.0000699758529663 -0.0018139999592676759 
-9.0001096725463867 -1.0000699758529663 -0.0018139999592676759 
-8.0001096725463867 -1.0000699758529663 -0.0018139999592676759 
-7.0001096725463867 -1.0000699758529663 -0.0018139999592676759 
-6.0001101493835449 -1.0000699758529663 -0.0018139999592676759 
-5.0001101493835449 -1.0000699758529663 -0.0018139999592676759 
-4.0001101493835449 -1.0000699758529663 -0.0018139999592676759 
-3.0001099109649658 -1.0000699758529663 -0.0018139999592676759 
-2.0001099109649658 -1.0000699758529663 -0.0018139999592676759 
-1.0001100301742554 -1.0000699758529663 -0.0018139999592676759 
-0.000112749999971129 -1.0000699758529663 -0.0018139999592676759 
0.99988698959350586 -1.0000699758529663 -0.0018139999592676759 
1.9998899698257446 -1.0000699758529663 -0.0018139999592676759 
2.9998900890350342 -1.0000699758529663 -0.0018139999592676759 
3.9998900890350342 -1.0000699758529663 -0.0018139999592676759 
4.9998898506164551 -1.0000699758529663 -0.0018139999592676759 
5.9998898506164551 -1.0000699758529663 -0.0018139999592676759 
6.9998903274536133 -1.0000699758529663 -0.0018139999592676759 
7.9998898506164551 -1.0000699758529663 -0.0018139999592676759 
8.9998903274536133 -1.0000699758529663 -0.0018139999592676759 
9.9998903274536133 -1.0000699758529663 -0.0018139999592676759 
10.999899864196777 -1.0000699758529663 -0.0018139999592676759 
11.999899864196777 -1.0000699758529663 -0.0018139999592676759 
-12.000100135803223 -7.1942202339414507e-05 -0.0018139999592676759 
-11.000100135803223 -7.1942202339414507e-05 -0.0018139999592676759 
-10.000100135803223 -7.1942202339414507e-05 -0.0018139999592676759 
-9.0001096725463867 -7.1942202339414507e-05 -0.0018139999592676759 
-8.0001096725463867 -7.1942202339414507e-05 -0.0018139999592676759 
-7.0001096725463867 -7.1942202339414507e-05 -0.0018139999592676759 
-6.0001101493835449 -7.1942202339414507e-05 -0.0018139999592676759 
-5.0001101493835449 -7.1942202339414507e-05 -0.0018139999592676759 
-4.0001101493835449 -7.1942202339414507e-05 -0.0018139999592676759 
-3.0001099109649658 -7.1942202339414507e-05 -0.0018139999592676759 
-2.0001099109649658 -7.1942202339414507e-05 -0.0018139999592676759 
-1.0001100301742554 -7.1942202339414507e-05 -0.0018139999592676759 
-0.000112749999971129 -7.1942202339414507e-05 -0.0018139999592676759 
0.99988698959350586 -7.1942202339414507e-05 -0.0018139999592676759 
1.9998899698257446 -7.1942202339414507e-05 -0.0018139999592676759 
2.9998900890350342 -7.1942202339414507e-05 -0.0018139999592676759 
3.9998900890350342 -7.1942202339414507e-05 -0.0018139999592676759 
4.9998898506164551 -7.1942202339414507e-05 -0.0018139999592676759 
5.9998898506164551 -7.1942202339414507e-05 -0.0018139999592676759 
6.9998903274536133 -7.1942202339414507e-05 -0.0018139999592676759 
7.9998898506164551 -7.1942202339414507e-05 -0.0018139999592676759 
8.9998903274536133 -7.1942202339414507e-05 -0.0018139999592676759 
9.9998903274536133 -7.1942202339414507e-05 -0.0018139999592676759 
10.999899864196777 -7.1942202339414507e-05 -0.0018139999592676759 
11.999899864196777 -7.1942202339414507e-05 -0.0018139999592676759 
-12.000100135803223 0.99992799758911133 -0.0018139999592676759 
-11.000100135803223 0.99992799758911133 -0.0018139999592676759 
-10.000100135803223 0.99992799758911133 -0.0018139999592676759 
-9.0001096725463867 0.99992799758911133 -0.0018139999592676759 
-8.0001096725463867 0.99992799758911133 -0.0018139999592676759 
-7.0001096725463867 0.99992799758911133 -0.0018139999592676759 
-6.0001101493835449 0.99992799758911133 -0.0018139999592676759 
-5.0001101493835449 0.99992799758911133 -0.0018139999592676759 
-4.0001101493835449 0.99992799758911133 -0.0018139999592676759 
-3.0001099109649658 0.99992799758911133 -0.0018139999592676759 
-2.0001099109649658 0.99992799758911133 -0.0018139999592676759 
-1.0001100301742554 0.99992799758911133 -0.0018139999592676759 
-0.000112749999971129 0.99992799758911133 -0.0018139999592676759 
0.99988698959350586 0.99992799758911133 -0.0018139999592676759 
1.9998899698257446 0.99992799758911133 -0.0018139999592676759 
2.9998900890350342 0.99992799758911133 -0.0018139999592676759 
3.9998900890350342 0.99992799758911133 -0.0018139999592676759 
4.9998898506164551 0.99992799758911133 -0.0018139999592676759 
5.9998898506164551 0.99992799758911133 -0.0018139999592676759 
6.9998903274536133 0.99992799758911133 -0.0018139999592676759 
7.9998898506164551 0.99992799758911133 -0.0018139999592676759 
8.9998903274536133 0.99992799758911133 -0.0018139999592676759 
9.9998903274536133 0.99992799758911133 -0.0018139999592676759 
10.999899864196777 0.99992799758911133 -0.0018139999592676759 
11.999899864196777 0.99992799758911133 -0.0018139999592676759 
-12.000100135803223 1.9999300241470337 -0.0018139999592676759 
-11.000100135803223 1.9999300241470337 -0.0018139999592676759 
-10.000100135803223 1.9999300241470337 -0.0018139999592676759 
-9.0001096725463867 1.9999300241470337 -0.0018139999592676759 
-8.0001096725463867 1.9999300241470337 -0.0018139999592676759 
-7.0001096725463867 1.9999300241470337 -0.0018139999592676759 
-6.0001101493835449 1.9999300241470337 -0.0018139999592676759 
-5.0001101493835449 1.9999300241470337 -0.0018139999592676759 
-4.0001101493835449 1.9999300241470337 -0.0018139999592676759 
-3.0001099109649658 1.9999300241470337 -0.0018139999592676759 
-2.0001099109649658 1.9999300241470337 -0.0018139999592676759 
-1.0001100301742554 1.9999300241470337 -0.0018139999592676759 
-0.000112749999971129 1.9999300241470337 -0.0018139999592676759 
0.99988698959350586 1.9999300241470337 -0.0018139999592676759 
1.9998899698257446 1.9999300241470337 -0.0018139999592676759 
2.9998900890350342 1.9999300241470337 -0.0018139999592676759 
3.9998900890350342 1.9999300241470337 -0.0018139999592676759 
4.9998898506164551 1.9999300241470337 -0.0018139999592676759 
5.9998898506164551 1.9999300241470337 -0.0018139999592676759 
6.9998903274536133 1.9999300241470337 -0.0018139999592676759 
7.9998898506164551 1.9999300241470337 -0.0018139999592676759 
8.9998903274536133 1.9999300241470337 -0.0018139999592676759 
9.9998903274536133 1.9999300241470337 -0.0018139999592676759 
10.999899864196777 1.9999300241470337 -0.0018139999592676759 
11.999899864196777 1.9999300241470337 -0.0018139999592676759 
-12.000100135803223 2.9999299049377441 -0.0018139999592676759 
-11.000100135803223 2.9999299049377441 -0.0018139999592676759 
-10.000100135803223 2.9999299049377441 -0.0018139999592676759 
-9.0001096725463867 2.9999299049377441 -0.0018139999592676759 
-8.0001096725463867 2.9999299049377441 -0.0018139999592676759 
-7.0001096725463867 2.9999299049377441 -0.0018139999592676759 
-6.0001101493835449 2.9999299049377441 -0.0018139999592676759 
-5.0001101493835449 2.9999299049377441 -0.0018139999592676759 
-4.0001101493835449 2.9999299049377441 -0.0018139999592676759 
-3.0001099109649658 2.9999299049377441 -0.0018139999592676759 
-2.0001099109649658 2.9999299049377441 -0.0018139999592676759 
-1.0001100301742554 2.9999299049377441 -0.0018139999592676759 
-0.000112749999971129 2.9999299049377441 -0.0018139999592676759 
0.99988698959350586 2.9999299049377441 -0.0018139999592676759 
1.9998899698257446 2.9999299049377441 -0.0018139999592676759 
2.9998900890350342 2.9999299049377441 -0.0018139999592676759 
3.9998900890350342 2.9999299049377441 -0.0018139999592676759 
4.9998898506164551 2.9999299049377441 -0.0018139999592676759 
5.9998898506164551 2.9999299049377441 -0.0018139999592676759 
6.9998903274536133 2.9999299049377441 -0.0018139999592676759 
7.9998898506164551 2.9999299049377441 -0.0018139999592676759 
8.9998903274536133 2.9999299049377441 -0.0018139999592676759 
9.9998903274536133 2.9999299049377441 -0.0018139999592676759 
10.999899864196777 2.9999299049377441 -0.0018139999592676759 
11.999899864196777 2.9999299049377441 -0.0018139999592676759 
-12.000100135803223 3.9999299049377441 -0.0018139999592676759 
-11.000100135803223 3.9999299049377441 -0.0018139999592676759 
-10.000100135803223 3.9999299049377441 -0.0018139999592676759 
-9.0001096725463867 3.9999299049377441 -0.0018139999592676759 
-8.0001096725463867 3.9999299049377441 -0.0018139999592676759 
-7.0001096725463867 3.9999299049377441 -0.0018139999592676759 
-6.0001101493835449 3.9999299049377441 -0.0018139999592676759 
-5.0001101493835449 3.9999299049377441 -0.0018139999592676759 
-4.0001101493835449 3.9999299049377441 -0.0018139999592676759 
-3.0001099109649658 3.9999299049377441 -0.0018139999592676759 
-2.0001099109649658 3.9999299049377441 -0.0018139999592676759 
-1.0001100301742554 3.9999299049377441 -0.0018139999592676759 
-0.000112749999971129 3.9999299049377441 -0.0018139999592676759 
0.99988698959350586 3.9999299049377441 -0.0018139999592676759 
1.9998899698257446 3.9999299049377441 -0.0018139999592676759 
2.9998900890350342 3.9999299049377441 -0.0018139999592676759 
3.9998900890350342 3.9999299049377441 -0.0018139999592676759 
4.9998898506164551 3.9999299049377441 -0.0018139999592676759 
5.9998898506164551 3.9999299049377441 -0.0018139999592676759 
6.9998903274536133 3.9999299049377441 -0.0018139999592676759 
7.9998898506164551 3.9999299049377441 -0.0018139999592676759 
8.9998903274536133 3.9999299049377441 -0.0018139999592676759 
9.9998903274536133 3.9999299049377441 -0.0018139999592676759 
10.999899864196777 3.9999299049377441 -0.0018139999592676759 
11.999899864196777 3.9999299049377441 -0.0018139999592676759 
-12.000100135803223 4.9999299049377441 -0.0018139999592676759 
-11.000100135803223 4.9999299049377441 -0.0018139999592676759 
-10.000100135803223 4.9999299049377441 -0.0018139999592676759 
-9.0001096725463867 4.9999299049377441 -0.0018139999592676759 
-8.0001096725463867 4.9999299049377441 -0.0018139999592676759 
-7.0001096725463867 4.9999299049377441 -0.0018139999592676759 
-6.0001101493835449 4.9999299049377441 -0.0018139999592676759 
-5.0001101493835449 4.9999299049377441 -0.0018139999592676759 
-4.0001101493835449 4.9999299049377441 -0.0018139999592676759 
-3.0001099109649658 4.9999299049377441 -0.0018139999592676759 
-2.0001099109649658 4.9999299049377441 -0.0018139999592676759 
-1.0001100301742554 4.9999299049377441 -0.0018139999592676759 
-0.000112749999971129 4.9999299049377441 -0.0018139999592676759 
0.99988698959350586 4.9999299049377441 -0.0018139999592676759 
1.9998899698257446 4.9999299049377441 -0.0018139999592676759 
2.9998900890350342 4.9999299049377441 -0.0018139999592676759 
3.9998900890350342 4.9999299049377441 -0.0018139999592676759 
4.9998898506164551 4.9999299049377441 -0.0018139999592676759 
5.9998898506164551 4.9999299049377441 -0.0018139999592676759 
6.9998903274536133 4.9999299049377441 -0.0018139999592676759 
7.9998898506164551 4.9999299049377441 -0.0018139999592676759 
8.9998903274536133 4.9999299049377441 -0.0018139999592676759 
9.9998903274536133 4.9999299049377441 -0.0018139999592676759 
10.999899864196777 4.9999299049377441 -0.0018139999592676759 
11.999899864196777 4.9999299049377441 -0.0018139999592676759 
-12.000100135803223 5.9999299049377441 -0.0018139999592676759 
-11.000100135803223 5.9999299049377441 -0.0018139999592676759 
-10.000100135803223 5.9999299049377441 -0.0018139999592676759 
-9.0001096725463867 5.9999299049377441 -0.0018139999592676759 
-8.0001096725463867 5.9999299049377441 -0.0018139999592676759 
-7.0001096725463867 5.9999299049377441 -0.0018139999592676759 
-6.0001101493835449 5.9999299049377441 -0.0018139999592676759 
-5.0001101493835449 5.9999299049377441 -0.0018139999592676759 
-4.0001101493835449 5.9999299049377441 -0.0018139999592676759 
-3.0001099109649658 5.9999299049377441 -0.0018139999592676759 
-2.0001099109649658 5.9999299049377441 -0.0018139999592676759 
-1.0001100301742554 5.9999299049377441 -0.0018139999592676759 
-0.000112749999971129 5.9999299049377441 -0.0018139999592676759 
0.99988698959350586 5.9999299049377441 -0.0018139999592676759 
1.9998899698257446 5.9999299049377441 -0.0018139999592676759 
2.9998900890350342 5.9999299049377441 -0.0018139999592676759 
3.9998900890350342 5.9999299049377441 -0.0018139999592676759 
4.9998898506164551 5.9999299049377441 -0.0018139999592676759 
5.9998898506164551 5.9999299049377441 -0.0018139999592676759 
6.9998903274536133 5.9999299049377441 -0.0018139999592676759 
7.9998898506164551 5.9999299049377441 -0.0018139999592676759 
8.9998903274536133 5.9999299049377441 -0.0018139999592676759 
9.9998903274536133 5.9999299049377441 -0.0018139999592676759 
10.999899864196777 5.9999299049377441 -0.0018139999592676759 
11.999899864196777 5.9999299049377441 -0.0018139999592676759 
-12.000100135803223 6.9999299049377441 -0.0018139999592676759 
-11.000100135803223 6.9999299049377441 -0.0018139999592676759 
-10.000100135803223 6.9999299049377441 -0.0018139999592676759 
-9.0001096725463867 6.9999299049377441 -0.0018139999592676759 
-8.0001096725463867 6.9999299049377441 -0.0018139999592676759 
-7.0001096725463867 6.9999299049377441 -0.0018139999592676759 
-6.0001101493835449 6.9999299049377441 -0.0018139999592676759 
-5.0001101493835449 6.9999299049377441 -0.0018139999592676759 
-4.0001101493835449 6.9999299049377441 -0.0018139999592676759 
-3.0001099109649658 6.9999299049377441 -0.0018139999592676759 
-2.0001099109649658 6.9999299049377441 -0.0018139999592676759 
-1.0001100301742554 6.9999299049377441 -0.0018139999592676759 
-0.000112749999971129 6.9999299049377441 -0.0018139999592676759 
0.99988698959350586 6.9999299049377441 -0.0018139999592676759 
1.9998899698257446 6.9999299049377441 -0.0018139999592676759 
2.9998900890350342 6.9999299049377441 -0.0018139999592676759 
3.9998900890350342 6.9999299049377441 -0.0018139999592676759 
4.9998898506164551 6.9999299049377441 -0.0018139999592676759 
5.9998898506164551 6.9999299049377441 -0.0018139999592676759 
6.9998903274536133 6.9999299049377441 -0.0018139999592676759 
7.9998898506164551 6.9999299049377441 -0.0018139999592676759 
8.9998903274536133 6.9999299049377441 -0.0018139999592676759 
9.9998903274536133 6.9999299049377441 -0.0018139999592676759 
10.999899864196777 6.9999299049377441 -0.0018139999592676759 
11.999899864196777 6.9999299049377441 -0.0018139999592676759 
-12.000100135803223 7.9999303817749023 -0.0018139999592676759 
-11.000100135803223 7.9999303817749023 -0.0018139999592676759 
-10.000100135803223 7.9999303817749023 -0.0018139999592676759 
-9.0001096725463867 7.9999303817749023 -0.0018139999592676759 
-8.0001096725463867 7.9999303817749023 -0.0018139999592676759 
-7.0001096725463867 7.9999303817749023 -0.0018139999592676759 
-6.0001101493835449 7.9999303817749023 -0.0018139999592676759 
-5.0001101493835449 7.9999303817749023 -0.0018139999592676759 
-4.0001101493835449 7.9999303817749023 -0.0018139999592676759 
-3.0001099109649658 7.9999303817749023 -0.0018139999592676759 
-2.0001099109649658 7.9999303817749023 -0.0018139999592676759 
-1.0001100301742554 7.9999303817749023 -0.0018139999592676759 
-0.000112749999971129 7.9999303817749023 -0.0018139999592676759 
0.99988698959350586 7.9999303817749023 -0.0018139999592676759 
1.9998899698257446 7.9999303817749023 -0.0018139999592676759 
2.9998900890350342 7.9999303817749023 -0.0018139999592676759 
3.9998900890350342 7.9999303817749023 -0.0018139999592676759 
4.9998898506164551 7.9999303817749023 -0.0018139999592676759 
5.9998898506164551 7.9999303817749023 -0.0018139999592676759 
6.9998903274536133 7.9999303817749023 -0.0018139999592676759 
7.9998898506164551 7.9999303817749023 -0.0018139999592676759 
8.9998903274536133 7.9999303817749023 -0.0018139999592676759 
9.9998903274536133 7.9999303817749023 -0.0018139999592676759 
10.999899864196777 7.9999303817749023 -0.0018139999592676759 
11.999899864196777 7.9999303817749023 -0.0018139999592676759 
-12.000100135803223 8.9999303817749023 -0.0018139999592676759 
-11.000100135803223 8.9999303817749023 -0.0018139999592676759 
-10.000100135803223 8.9999303817749023 -0.0018139999592676759 
-9.0001096725463867 8.9999303817749023 -0.0018139999592676759 
-8.0001096725463867 8.9999303817749023 -0.0018139999592676759 
-7.0001096725463867 8.9999303817749023 -0.0018139999592676759 
-6.0001101493835449 8.9999303817749023 -0.0018139999592676759 
-5.0001101493835449 8.9999303817749023 -0.0018139999592676759 
-4.0001101493835449 8.9999303817749023 -0.0018139999592676759 
-3.0001099109649658 8.9999303817749023 -0.0018139999592676759 
-2.0001099109649658 8.9999303817749023 -0.0018139999592676759 
-1.0001100301742554 8.9999303817749023 -0.0018139999592676759 
-0.000112749999971129 8.9999303817749023 -0.0018139999592676759 
0.99988698959350586 8.9999303817749023 -0.0018139999592676759 
1.9998899698257446 8.9999303817749023 -0.0018139999592676759 
2.9998900890350342 8.9999303817749023 -0.0018139999592676759 
3.9998900890350342 8.9999303817749023 -0.0018139999592676759 
4.9998898506164551 8.9999303817749023 -0.0018139999592676759 
5.9998898506164551 8.9999303817749023 -0.0018139999592676759 
6.9998903274536133 8.9999303817749023 -0.0018139999592676759 
7.9998898506164551 8.9999303817749023 -0.0018139999592676759 
8.9998903274536133 8.9999303817749023 -0.0018139999592676759 
9.9998903274536133 8.9999303817749023 -0.0018139999592676759 
10.999899864196777 8.9999303817749023 -0.0018139999592676759 
11.999899864196777 8.9999303817749023 -0.0018139999592676759 
-12.000100135803223 9.9999303817749023 -0.0018139999592676759 
-11.000100135803223 9.9999303817749023 -0.0018139999592676759 
-10.000100135803223 9.9999303817749023 -0.0018139999592676759 
-9.0001096725463867 9.9999303817749023 -0.0018139999592676759 
-8.0001096725463867 9.9999303817749023 -0.0018139999592676759 
-7.0001096725463867 9.9999303817749023 -0.0018139999592676759 
-6.0001101493835449 9.9999303817749023 -0.0018139999592676759 
-5.0001101493835449 9.9999303817749023 -0.0018139999592676759 
-4.0001101493835449 9.9999303817749023 -0.0018139999592676759 
-3.0001099109649658 9.9999303817749023 -0.0018139999592676759 
-2.0001099109649658 9.9999303817749023 -0.0018139999592676759 
-1.0001100301742554 9.9999303817749023 -0.0018139999592676759 
-0.000112749999971129 9.9999303817749023 -0.0018139999592676759 
0.99988698959350586 9.9999303817749023 -0.0018139999592676759 
1.9998899698257446 9.9999303817749023 -0.0018139999592676759 
2.9998900890350342 9.9999303817749023 -0.0018139999592676759 
3.9998900890350342 9.9999303817749023 -0.0018139999592676759 
4.9998898506164551 9.9999303817749023 -0.0018139999592676759 
5.9998898506164551 9.9999303817749023 -0.0018139999592676759 
6.9998903274536133 9.9999303817749023 -0.0018139999592676759 
7.9998898506164551 9.9999303817749023 -0.0018139999592676759 
8.9998903274536133 9.9999303817749023 -0.0018139999592676759 
9.9998903274536133 9.9999303817749023 -0.0018139999592676759 
10.999899864196777 9.9999303817749023 -0.0018139999592676759 
11.999899864196777 9.9999303817749023 -0.0018139999592676759 
-12.000100135803223 10.999899864196777 -0.0018139999592676759 
-11.000100135803223 10.999899864196777 -0.0018139999592676759 
-10.000100135803223 10.999899864196777 -0.0018139999592676759 
-9.0001096725463867 10.999899864196777 -0.0018139999592676759 
-8.0001096725463867 10.999899864196777 -0.0018139999592676759 
-7.0001096725463867 10.999899864196777 -0.0018139999592676759 
-6.0001101493835449 10.999899864196777 -0.0018139999592676759 
-5.0001101493835449 10.999899864196777 -0.0018139999592676759 
-4.0001101493835449 10.999899864196777 -0.0018139999592676759 
-3.0001099109649658 10.999899864196777 -0.0018139999592676759 
-2.0001099109649658 10.999899864196777 -0.0018139999592676759 
-1.0001100301742554 10.999899864196777 -0.0018139999592676759 
-0.000112749999971129 10.999899864196777 -0.0018139999592676759 
0.99988698959350586 10.999899864196777 -0.0018139999592676759 
1.9998899698257446 10.999899864196777 -0.0018139999592676759 
2.9998900890350342 10.999899864196777 -0.0018139999592676759 
3.9998900890350342 10.999899864196777 -0.0018139999592676759 
4.9998898506164551 10.999899864196777 -0.0018139999592676759 
5.9998898506164551 10.999899864196777 -0.0018139999592676759 
6.9998903274536133 10.999899864196777 -0.0018139999592676759 
7.9998898506164551 10.999899864196777 -0.0018139999592676759 
8.9998903274536133 10.999899864196777 -0.0018139999592676759 
9.9998903274536133 10.999899864196777 -0.0018139999592676759 
10.999899864196777 10.999899864196777 -0.0018139999592676759 
11.999899864196777 10.999899864196777 -0.0018139999592676759 
-12.000100135803223 11.999899864196777 -0.0018139999592676759 
-11.000100135803223 11.999899864196777 -0.0018139999592676759 
-10.000100135803223 11.999899864196777 -0.0018139999592676759 
-9.0001096725463867 11.999899864196777 -0.0018139999592676759 
-8.0001096725463867 11.999899864196777 -0.0018139999592676759 
-7.0001096725463867 11.999899864196777 -0.0018139999592676759 
-6.0001101493835449 11.999899864196777 -0.0018139999592676759 
-5.0001101493835449 11.999899864196777 -0.0018139999592676759 
-4.0001101493835449 11.999899864196777 -0.0018139999592676759 
-3.0001099109649658 11.999899864196777 -0.0018139999592676759 
-2.0001099109649658 11.999899864196777 -0.0018139999592676759 
-1.0001100301742554 11.999899864196777 -0.0018139999592676759 
-0.000112749999971129 11.999899864196777 -0.0018139999592676759 
0.99988698959350586 11.999899864196777 -0.0018139999592676759 
1.9998899698257446 11.999899864196777 -0.0018139999592676759 
2.9998900890350342 11.999899864196777 -0.0018139999592676759 
3.9998900890350342 11.999899864196777 -0.0018139999592676759 
4.9998898506164551 11.999899864196777 -0.0018139999592676759 
5.9998898506164551 11.999899864196777 -0.0018139999592676759 
6.9998903274536133 11.999899864196777 -0.0018139999592676759 
7.9998898506164551 11.999899864196777 -0.0018139999592676759 
8.9998903274536133 11.999899864196777 -0.0018139999592676759 
9.9998903274536133 11.999899864196777 -0.0018139999592676759 
10.999899864196777 11.999899864196777 -0.0018139999592676759 
11.999899864196777 11.999899864196777 -0.0018139999592676759 