      1.6988
   -0.448808
    -1.64116
   0.0684588
   0.0989452
     0.42713
    0.325906
   -0.246881
    0.143831
   -0.116956
   -0.305454
    -1.02217
   0.0486073
    0.919864
    0.415212
     1.27908
   0.0312949
    -1.49487
    0.740763
    0.238239
   -0.803004
     0.40703
    0.297743
    0.177293
   0.0236005
    -3.90242
    0.967297
  -0.0670495
    -3.66404
     2.97264
    -4.39777
    0.700118
     2.18247
     -2.1354
   -0.312407
     1.57286
    -1.87967
    -1.24855
    0.491591
    0.288349
     1.64003
    -1.11388
     1.37321
   -0.463584
   -0.375884
    0.556988
   -0.118468
   -0.206464
    0.522595
   -0.286445
    0.764545
   -0.776217
      0.7082
 -0.00975713
    -1.18942
   -0.495555
    -1.41883
   -0.729432
    0.108582
   -0.428823
   -0.465354
   0.0699186
   -0.587715
   -0.775618
   -0.360613
    0.141247
    0.486313
     0.13646
    0.426529
    0.166979
  -0.0690248
    0.146452
    0.076505
 -0.00226784
    0.109627
    0.112011
    0.303877
     1.24065
     1.75891
    0.852815
   0.0308885
   -0.409862
    -0.67977
   -0.921395
      -0.451
    -0.38247
   -0.458471
   -0.324582
   -0.318609
   -0.562231
   -0.440612
   -0.215018
   0.0919648
    0.191197
    0.193536
    0.249254
    0.124988
    0.083297
    0.114435
   0.0621933
   0.0922177
    0.114449
     0.21002
    0.278857
    0.594936
    0.864062
    0.482729
   0.0469997
   -0.329058
   -0.484744
   -0.596851
    -0.48246
   -0.446867
   -0.406351
   -0.406068
    -0.40507
   -0.440781
   -0.325498
   -0.151062
 -0.00930892
    0.118977
    0.143865
    0.149712
    0.129296
    0.103767
    0.107062
   0.0934942
    0.119836
    0.157468
    0.218129
     1.80837
     1.22044
     0.87643
    0.509124
    0.142582
   -0.209395
   -0.336082
   -0.427648
    -0.42619
   -0.425374
     -0.3947
   -0.406638
   -0.395427
   -0.361352
   -0.270226
    -0.13308
   -0.039433
   0.0547312
   0.0957589
    0.104148
     0.11166
    0.101751
    0.108726
    0.112337
    0.133016
    0.154803
     -1.0591
     0.32909
    0.631107
    0.538836
    0.328212
    0.133648
   -0.113902
   -0.233798
   -0.320303
   -0.349682
    -0.36958
   -0.366996
   -0.367996
   -0.351337
   -0.295807
   -0.227806
   -0.125594
  -0.0487633
   0.0156675
   0.0592626
   0.0755581
    0.091282
   0.0939146
     0.10433
    0.115899
    0.125603
     2.89945
     1.12435
    0.778344
    0.672914
    0.534292
    0.306238
    0.146968
  -0.0330391
   -0.146939
   -0.228734
   -0.274477
   -0.300978
   -0.313767
   -0.307258
   -0.291439
   -0.238672
   -0.183512
   -0.112234
  -0.0496216
 -0.00241968
   0.0357895
   0.0551055
   0.0722106
   0.0817921
   0.0941567
    0.110105
    0.598332
     1.20847
     1.02664
    0.824987
    0.635085
    0.505572
    0.312424
    0.166526
   0.0288832
  -0.0756605
   -0.148566
   -0.200682
   -0.227864
   -0.246189
   -0.238099
   -0.223842
    -0.18391
   -0.139257
  -0.0902413
  -0.0428219
 -0.00766634
   0.0222174
   0.0399927
   0.0548438
   0.0659918
   0.0783106
    0.862789
    0.881876
    0.897563
    0.811293
    0.729649
    0.569673
    0.451693
    0.306798
    0.179341
   0.0724901
  -0.0187879
  -0.0811842
   -0.131359
   -0.156377
   -0.174563
   -0.169561
   -0.157176
   -0.130263
  -0.0969568
  -0.0637682
  -0.0305829
 -0.00588885
   0.0147502
    0.027477
   0.0379056
   0.0496917
     1.34263
       1.044
      0.9244
    0.854255
     0.72127
    0.641039
    0.514639
    0.402578
    0.292936
    0.186045
    0.101886
   0.0258124
  -0.0259422
  -0.0696534
  -0.0920464
   -0.107416
   -0.106595
    -0.09745
  -0.0807059
  -0.0583748
  -0.0372497
  -0.0163895
 -0.00151962
  0.00999003
   0.0154317
   0.0175825
    0.491602
    0.801607
    0.845259
    0.776763
    0.741152
    0.636119
    0.552229
      0.4569
    0.357667
    0.272571
    0.186592
     0.12032
   0.0592928
    0.017366
  -0.0180795
  -0.0379474
  -0.0503522
  -0.0526313
  -0.0474667
  -0.0382922
   -0.025337
  -0.0138536
 -0.00318613
  0.00231188
  0.00475744
  0.00314226
     1.49959
     1.01152
    0.842905
    0.796881
    0.696385
    0.636522
    0.554402
    0.470932
    0.396563
    0.314855
    0.248229
    0.181379
    0.129912
   0.0826681
   0.0492482
   0.0218603
  0.00477354
 -0.00541565
 -0.00945525
 -0.00796345
 -0.00444652
  0.00111209
   0.0046641
  0.00703967
  0.00376762
 -0.00531177
    0.847419
    0.932314
    0.876248
    0.748436
    0.689976
    0.605895
    0.533456
    0.468912
    0.396011
    0.336996
    0.273427
    0.222123
    0.171671
     0.13237
   0.0970132
   0.0709526
   0.0504245
    0.036444
   0.0279404
   0.0230919
   0.0217448
   0.0209378
   0.0209296
    0.017828
   0.0131791
  0.00368606
     1.12795
    0.952493
     0.79542
    0.733587
    0.634916
     0.56525
    0.502854
    0.435675
    0.384584
    0.327363
    0.281771
    0.234356
    0.195808
    0.158823
    0.129436
    0.103849
   0.0843332
   0.0694637
   0.0587187
   0.0517377
   0.0466037
   0.0432772
   0.0389782
   0.0348108
   0.0261593
   0.0130905
    0.781241
    0.780614
    0.768396
    0.657285
    0.585876
    0.516121
     0.44815
    0.400654
    0.347873
     0.30877
    0.266755
    0.232806
    0.198562
    0.170296
    0.144053
    0.122931
    0.105334
   0.0917863
    0.081752
   0.0741456
   0.0686515
   0.0633462
    0.058666
   0.0513276
   0.0439235
   0.0332291
     1.05196
     0.85533
    0.686089
    0.609628
    0.524198
     0.44854
    0.398273
    0.345254
    0.310295
    0.272889
    0.244466
    0.214811
     0.19021
    0.166214
     0.14631
    0.128759
    0.114885
    0.104098
   0.0960724
   0.0903431
   0.0855417
     0.08138
   0.0755763
   0.0698309
   0.0597352
   0.0470634
    0.818469
    0.745749
    0.653554
    0.538116
    0.448215
    0.388519
    0.329539
    0.295101
    0.259928
    0.236139
    0.210995
    0.190837
    0.170398
    0.153267
    0.137475
    0.124831
    0.114727
    0.107529
    0.102859
   0.0999343
   0.0980558
   0.0954219
   0.0922078
   0.0851845
   0.0784218
   0.0691629
     0.69272
    0.633287
    0.559207
     0.46109
    0.382871
    0.309041
    0.270243
    0.234372
    0.213672
    0.192083
    0.176141
    0.159466
    0.145667
    0.132453
    0.121854
    0.113162
    0.107236
    0.103862
     0.10295
     0.10397
     0.10569
    0.107124
    0.105518
    0.102512
   0.0931971
   0.0816044
     1.49157
    0.909868
      0.5765
    0.417062
    0.299455
    0.242614
    0.200296
    0.180979
    0.161935
    0.149869
     0.13684
    0.126498
    0.116216
    0.108081
    0.101214
   0.0967026
   0.0943854
   0.0947082
   0.0975554
    0.102632
    0.109129
    0.115024
     0.11913
    0.116641
    0.112781
    0.104906
    0.426423
    0.565486
    0.495311
    0.323105
    0.224835
    0.159276
    0.136916
    0.121378
    0.113715
    0.104806
   0.0983676
   0.0914707
    0.086236
    0.081607
   0.0787305
    0.077376
    0.078249
   0.0814635
   0.0874478
    0.096174
    0.107256
    0.119502
    0.128966
    0.134638
    0.127745
    0.115568
     1.86098
    0.946332
    0.415605
    0.235721
    0.120558
   0.0734099
   0.0611588
    0.066552
   0.0637094
   0.0628535
   0.0605488
   0.0590718
   0.0573196
   0.0564871
   0.0562845
   0.0575108
   0.0603129
   0.0654137
   0.0731657
   0.0842604
     0.09896
    0.117008
    0.136788
    0.148554
    0.152771
    0.144221
   0.0567755
    0.300188
    0.202884
   0.0989378
   0.0145174
  -0.0345031
  -0.0118888
   0.0160964
   0.0214938
   0.0261536
   0.0298236
   0.0317625
   0.0334434
    0.034678
    0.036351
   0.0385829
    0.042145
   0.0474069
    0.055328
   0.0665819
   0.0824592
    0.103993
    0.131971
    0.165672
    0.173948
    0.153097
    0.701286
  -0.0377192
   -0.207074
  -0.0348183
  -0.0665379
    -0.13193
  -0.0824191
 -0.00472972
 -0.00620921
  0.00396377
  0.00963066
   0.0136608
   0.0162458
   0.0183609
   0.0201312
   0.0222338
   0.0248908
   0.0288841
   0.0347009
    0.043655
    0.056953
   0.0771819
    0.107373
    0.152905
     0.22613
    0.210323
     1.25377
   -0.278233
   -0.466951
   0.0348303
   0.0486305
   -0.165053
   -0.153929
   0.0339575
  -0.0119785
 -0.00232093
  0.00167578
  0.00423498
  0.00614486
  0.00733567
  0.00839539
   0.0092822
   0.0104892
   0.0120128
   0.0145967
   0.0184993
   0.0253159
    0.036531
   0.0570766
   0.0946624
    0.173395
     0.41573
    -1.14184
   -0.191251
    0.295401
  -0.0792634
    0.445398
    0.410512
   -0.639216
    0.257215
   -0.023654
-0.000745015
-9.37691e-05
 -1.0644e-05
  -1.828e-10
-2.25144e-10
 1.61379e-06
-8.96761e-06
-9.91911e-11
-1.22286e-11
 2.94431e-08
-1.65616e-08
-4.06074e-08
  1.5526e-07
-6.61043e-07
-5.86429e-07
 2.02908e-06
-1.11259e-05
     1.10976
    -2.31495
      1.3994
    -2.98901
     2.33351
     0.60035
   -0.648864
    0.170279
    0.711191
    -1.22448
   -0.206475
   -0.434545
     0.40577
     1.68958
    -1.13196
     2.17538
    -1.11936
   -0.994777
    0.857942
   -0.188868
   -0.789109
    0.573082
    -0.30586
    0.653198
   -0.922445
    0.204545
   -0.671482
    -3.14996
     1.88439
    -3.48959
     1.02204
     1.56747
    -1.96972
    0.273122
    0.724567
    -1.51951
    -1.14675
     0.66438
    0.202136
     1.50242
   -0.877407
     1.25813
   -0.897894
   -0.108374
    0.389425
   -0.283176
   -0.190734
    0.490236
   -0.280373
     1.12672
    0.740185
   -0.281862
    -1.73539
   0.0871337
    -2.04533
   -0.394089
    0.348132
   -0.579897
   -0.601935
    0.462258
    -1.03189
   -0.684377
   -0.314528
    0.310067
     0.52932
  -0.0167438
    0.413295
    0.149576
   -0.232135
     0.16944
  0.00807361
  -0.0386415
   0.0975679
    0.099076
    0.360969
     1.75666
    0.794634
    0.306897
   -0.869307
   -0.455032
   -0.917194
   -0.424959
    -0.41017
   -0.286447
   -0.555595
   -0.214289
   -0.678299
   -0.372406
   -0.187394
   0.0842367
    0.217029
     0.18004
     0.15331
    0.120628
   0.0275112
   0.0886728
   0.0356819
   0.0763058
    0.135217
    0.211264
    0.607992
    0.725293
   0.0224442
    0.182222
   -0.509339
   -0.506414
   -0.598669
   -0.406014
   -0.587231
    -0.28429
   -0.524681
   -0.386367
   -0.488166
   -0.313063
   -0.121518
   -0.015076
   0.0903597
    0.150689
   0.0955365
    0.110709
   0.0792022
   0.0884731
   0.0904786
    0.108786
    0.167664
     2.05012
      1.3992
     1.19559
    0.353895
     0.13138
   -0.262146
   -0.332801
   -0.512157
   -0.340671
   -0.529547
   -0.356488
   -0.468826
   -0.399339
   -0.373153
   -0.275101
   -0.133904
  -0.0294565
   0.0258977
   0.0908193
   0.0801953
   0.0952174
   0.0913938
   0.0956976
    0.116323
    0.129784
    -1.04559
    0.171995
    0.313711
    0.500399
    0.243411
   0.0890464
   -0.194627
   -0.199399
   -0.413266
   -0.308254
   -0.430198
   -0.362932
   -0.398471
   -0.362784
   -0.302147
   -0.223998
   -0.136563
  -0.0424177
  0.00176972
   0.0513527
   0.0655115
   0.0798629
     0.09188
   0.0991133
    0.120128
     2.55705
     1.33011
     1.00179
    0.690609
    0.518184
    0.249239
    0.146668
   -0.121938
   -0.120416
   -0.293729
   -0.264406
    -0.33486
   -0.321102
    -0.32132
   -0.295508
    -0.24525
   -0.175769
    -0.11693
  -0.0468558
 -0.00581031
    0.030843
   0.0530911
   0.0665077
   0.0827387
   0.0952936
    0.946462
    0.937817
    0.877345
    0.761259
    0.589836
    0.486751
    0.231532
    0.174311
  -0.0443326
  -0.0696812
   -0.189189
   -0.204946
   -0.245795
    -0.25214
   -0.245364
   -0.220227
   -0.185253
   -0.131384
  -0.0872658
  -0.0393419
 -0.00460146
   0.0213463
   0.0420477
   0.0545302
   0.0696211
    0.622915
     1.02276
    0.860255
    0.779332
    0.691149
    0.498765
     0.44624
    0.229164
    0.177209
     0.02111
  -0.0263981
   -0.106038
   -0.139061
   -0.166211
   -0.175237
   -0.171459
   -0.150164
   -0.125338
  -0.0885931
  -0.0558977
  -0.0250759
 0.000607534
   0.0175272
   0.0311659
   0.0402586
     1.48381
    0.955064
    0.950824
    0.817106
    0.672672
    0.630816
    0.440545
     0.39646
     0.23333
      0.1731
   0.0673307
   0.0130361
  -0.0419397
  -0.0755469
   -0.097162
   -0.104564
   -0.103612
  -0.0892839
  -0.0718728
    -0.04936
  -0.0272237
   -0.009334
  0.00586699
   0.0145932
   0.0193609
    0.392417
    0.791664
    0.758923
    0.743624
    0.723998
    0.569066
    0.546085
    0.393791
    0.342175
    0.229692
    0.167927
   0.0959804
    0.046519
  0.00624693
    -0.02152
  -0.0395175
  -0.0461219
  -0.0466066
  -0.0391475
  -0.0281462
  -0.0163398
 -0.00394604
  0.00409746
  0.00861708
  0.00815595
      1.4414
     1.00904
    0.870511
    0.781241
    0.642573
    0.632308
      0.4903
    0.455979
    0.348241
    0.292245
    0.216369
     0.16179
    0.111432
    0.071766
    0.041365
   0.0199285
  0.00561073
-0.000975487
 -0.00240167
-0.000254398
  0.00507967
   0.0091564
   0.0128429
   0.0130484
  0.00798398
    0.842183
    0.843744
    0.804586
    0.692904
    0.680139
    0.539098
    0.519942
    0.416333
    0.371541
    0.299656
    0.248697
    0.196983
    0.153728
    0.117709
    0.088083
   0.0655168
   0.0492705
   0.0385236
   0.0320399
   0.0297789
   0.0282719
    0.028695
    0.027236
   0.0233368
   0.0162335
     1.07248
    0.940476
    0.753196
    0.711149
    0.561376
    0.551468
    0.444459
    0.410127
    0.343021
    0.299184
    0.251575
    0.210892
    0.175212
    0.143385
    0.117793
   0.0966388
   0.0807973
   0.0688603
    0.061285
   0.0553152
   0.0522514
   0.0483452
    0.044531
   0.0390958
   0.0294284
     0.75227
    0.716979
    0.735398
    0.581517
    0.572292
    0.449526
    0.421752
    0.354886
    0.317062
    0.274791
    0.239287
    0.207633
    0.177852
    0.153331
    0.131261
    0.114024
   0.0998463
   0.0898955
   0.0818388
   0.0769681
   0.0717936
   0.0678415
    0.062311
   0.0546955
   0.0456889
    0.997063
     0.84236
    0.616068
    0.595784
    0.445987
    0.421596
    0.347129
    0.311717
    0.273027
    0.242237
    0.215749
     0.18999
    0.169025
    0.148764
    0.132786
    0.118775
    0.108746
    0.100643
   0.0959232
   0.0914705
   0.0887694
   0.0843259
   0.0791235
   0.0724658
   0.0621944
    0.814375
    0.621189
    0.623194
    0.442789
    0.421649
    0.329436
    0.292492
    0.254279
    0.225978
     0.20414
    0.182586
     0.16619
    0.149142
    0.136008
    0.123683
    0.114976
    0.107932
    0.104416
    0.101894
    0.101851
    0.100604
   0.0992956
     0.09513
   0.0878536
     0.07954
     0.54005
    0.678276
    0.462776
    0.440126
    0.311105
    0.266962
    0.224938
    0.195862
    0.177623
    0.159697
    0.148161
    0.134863
    0.125418
    0.115661
    0.109074
    0.103538
     0.10137
    0.100629
    0.103151
    0.105892
    0.110021
    0.111329
    0.110109
    0.105535
   0.0961559
     1.46911
    0.708646
    0.548196
    0.317583
    0.245581
    0.187977
    0.153667
    0.138488
    0.124044
    0.117985
    0.108941
     0.10391
   0.0973773
   0.0934794
   0.0897229
   0.0887943
   0.0890882
   0.0928119
   0.0979209
    0.106262
    0.114167
    0.121981
    0.124784
    0.121184
    0.114088
    0.232061
    0.535557
     0.33244
    0.241024
      0.1422
   0.0909547
   0.0840667
     0.07509
   0.0769125
   0.0737066
   0.0744906
   0.0720899
   0.0715234
   0.0698905
   0.0702303
   0.0710267
   0.0746753
    0.079816
   0.0888503
   0.0996717
    0.114274
     0.12794
    0.138741
    0.140998
    0.132372
     1.78705
    0.686086
    0.311364
    0.106445
 -0.00373955
 -0.00682627
  0.00961069
   0.0244341
   0.0311008
   0.0404971
    0.043642
   0.0471783
   0.0480444
   0.0497792
   0.0508666
    0.053787
   0.0574838
   0.0644469
   0.0734842
   0.0875486
    0.104614
    0.127464
    0.149553
    0.160656
    0.153864
  -0.0872585
  -0.0836787
  0.00282435
  -0.0860594
   -0.130365
   -0.116453
  -0.0299688
  -0.0138664
  0.00797884
    0.017776
    0.025583
   0.0288407
    0.031796
   0.0330015
   0.0349665
   0.0367156
   0.0404857
   0.0453863
   0.0542448
   0.0661334
     0.08523
    0.110119
    0.146817
    0.187875
    0.185431
   0.0650921
   -0.421867
   -0.246868
  -0.0861168
   -0.211499
   -0.201268
 -0.00762253
   -0.010504
  0.00463954
   0.0138807
   0.0174572
   0.0203613
     0.02096
   0.0218061
   0.0217345
   0.0226762
   0.0235433
   0.0265972
   0.0306891
   0.0393351
   0.0515866
   0.0745581
    0.108357
    0.173544
    0.283579
   -0.136029
    -1.22881
   0.0193418
     0.17037
    0.052218
   -0.371355
    0.148258
   0.0092881
   0.0198464
   0.0181101
   0.0176857
    0.016146
   0.0150667
   0.0134494
   0.0123752
   0.0110311
   0.0105172
  0.00991522
   0.0107843
   0.0120645
   0.0166063
   0.0235153
   0.0407585
   0.0711625
    0.171056
    0.117434
     -0.1921
   -0.751636
    0.632171
   0.0387119
   -0.897996
    0.492413
  -0.0241077
   -0.593584
    0.175898
  0.00446678
   -0.723627
    0.187501
     0.44484
    0.314092
  -0.0265508
   -0.644878
   -0.111204
    0.384139
  -0.0903076
  -0.0511294
    0.245972
  0.00904835
   -0.111463
  -0.0381265
  0.00521724
     1.20301
    0.297512
  -0.0868261
      1.5191
    -1.07624
     1.32294
    0.393178
   -0.861256
    0.496486
    0.413143
   -0.673719
    0.298008
    0.597714
    0.119828
    0.166752
     -0.6013
    0.392798
   -0.398002
 -0.00277524
    0.182241
   -0.161781
  -0.0412688
   0.0894806
   -0.192485
    0.145617
   0.0390836
  -0.0649768
     0.10609
   0.0585912
    0.449367
    0.194413
    0.499584
    0.433223
    0.106481
    0.168957
    0.229275
 -0.00675483
    0.123299
    0.264724
    0.239004
   0.0981777
  -0.0912869
  -0.0147664
   -0.140789
   -0.107504
  -0.0143219
  -0.0754822
  -0.0741871
  -0.0331214
   -0.051435
  -0.0221052
  -0.0405099
   -0.078554
   -0.505635
    -0.28705
  -0.0518574
    0.106615
    0.224675
    0.390333
    0.250299
    0.189705
    0.206749
     0.13791
   0.0777162
    0.162801
    0.164992
    0.132064
    0.020579
  -0.0403645
  -0.0569487
    -0.11448
  -0.0911874
  -0.0732504
  -0.0876075
  -0.0640172
  -0.0603526
  -0.0444236
   -0.059884
  -0.0397318
    0.292688
  -0.0365245
  -0.0250927
   0.0520741
    0.132248
    0.171668
    0.236644
    0.197754
    0.168639
    0.134578
    0.112217
   0.0871794
    0.108398
   0.0938686
    0.053795
   0.0102207
  -0.0486652
  -0.0713424
  -0.0895385
  -0.0917801
  -0.0818562
  -0.0800563
  -0.0638411
  -0.0588711
  -0.0595304
    0.117685
   -0.675303
   -0.214618
   -0.110673
  -0.0800606
  -0.0198006
   0.0750562
   0.0983497
    0.126217
    0.116092
    0.104146
   0.0727916
   0.0621175
    0.052715
   0.0540024
   0.0440378
  0.00955637
  -0.0126882
  -0.0480125
  -0.0682944
  -0.0746432
  -0.0790504
  -0.0710795
  -0.0671529
   -0.057373
  -0.0554803
   0.0772431
     1.22401
    0.440294
    0.106154
   0.0162546
  -0.0104823
  -0.0297164
   0.0143472
    0.024757
   0.0376698
   0.0314541
   0.0259562
   0.0124615
  0.00820976
  0.00952181
  0.00537199
  0.00485692
  -0.0149049
  -0.0286127
  -0.0439303
  -0.0564083
  -0.0578721
  -0.0598451
  -0.0539643
  -0.0500335
  -0.0457088
   -0.353997
    -1.06051
   -0.321566
  -0.0686118
   -0.056291
  -0.0804501
  -0.0630886
  -0.0766895
   -0.057394
    -0.05108
  -0.0441418
  -0.0439588
  -0.0447104
  -0.0431542
  -0.0411147
  -0.0301447
  -0.0292877
   -0.023882
  -0.0280279
  -0.0332416
  -0.0362978
  -0.0408794
  -0.0392273
  -0.0388733
  -0.0354154
  -0.0330236
    0.393765
     0.43687
   0.0661873
   -0.050933
  -0.0704398
  -0.0728835
   -0.115903
   -0.113178
   -0.123842
   -0.120185
   -0.115324
   -0.111424
   -0.104353
  -0.0992657
  -0.0863332
  -0.0771322
  -0.0596996
  -0.0495185
   -0.039078
  -0.0322057
  -0.0294178
  -0.0252952
  -0.0242473
  -0.0212172
  -0.0201795
  -0.0187544
   0.0387365
    0.163301
   0.0852268
   0.0331672
   -0.015869
  -0.0849066
   -0.100503
   -0.140907
   -0.155021
   -0.164243
   -0.168525
   -0.162974
   -0.158189
   -0.144729
   -0.133337
    -0.11282
  -0.0958118
  -0.0744471
  -0.0565857
  -0.0415803
  -0.0284278
  -0.0201689
   -0.012564
 -0.00878789
 -0.00598038
 -0.00625974
    0.100476
   -0.110674
   0.0451127
   0.0277764
   -0.030408
  -0.0481068
   -0.108671
   -0.135973
   -0.166374
    -0.18775
   -0.194516
   -0.199309
   -0.190971
   -0.182383
   -0.163452
   -0.145724
   -0.121002
  -0.0979165
  -0.0741829
   -0.052265
  -0.0344804
  -0.0188456
  -0.0082418
-1.37019e-05
  0.00350809
  0.00421802
    0.246814
     0.44701
    0.168677
   0.0675095
   0.0314623
   -0.047497
  -0.0798304
    -0.12813
   -0.163979
   -0.186572
    -0.20685
   -0.209947
    -0.21069
   -0.198228
   -0.184566
   -0.161883
   -0.139123
   -0.112622
  -0.0866507
  -0.0622751
  -0.0396541
   -0.021515
 -0.00626475
  0.00378417
    0.010502
   0.0114029
   0.0288391
   -0.148092
   0.0493155
   0.0796614
   0.0156168
 -0.00702896
  -0.0671061
   -0.109592
    -0.14527
   -0.180116
    -0.19632
   -0.210298
   -0.208288
   -0.203135
     -0.1867
   -0.168387
   -0.143905
   -0.118642
  -0.0923115
  -0.0665322
  -0.0434305
  -0.0225891
 -0.00631424
  0.00666672
   0.0139855
   0.0174071
    0.337634
    0.346568
    0.172181
    0.084301
   0.0709375
  0.00319881
  -0.0377884
  -0.0831375
    -0.12853
   -0.155798
   -0.182995
   -0.192403
   -0.198213
   -0.190751
   -0.179889
   -0.160801
   -0.139683
   -0.115249
  -0.0901801
  -0.0657206
  -0.0423615
  -0.0221522
 -0.00457218
  0.00826924
   0.0179871
   0.0216306
    0.246461
    0.160432
     0.17539
    0.169356
   0.0862341
   0.0480862
  -0.0078689
  -0.0609018
  -0.0972475
   -0.136222
   -0.155898
   -0.172846
   -0.174985
   -0.172999
   -0.161202
   -0.146351
   -0.126405
   -0.104843
  -0.0820522
  -0.0592157
  -0.0378881
  -0.0181663
 -0.00186714
   0.0119069
    0.020584
   0.0265538
    0.403107
    0.400658
    0.296457
     0.18408
    0.149013
   0.0782133
    0.018924
  -0.0265004
  -0.0767996
   -0.105659
   -0.133173
   -0.144218
   -0.151095
   -0.146953
   -0.139175
    -0.12505
   -0.108626
  -0.0895378
  -0.0694951
   -0.049448
  -0.0299256
  -0.0123793
   0.0033956
    0.015393
   0.0255388
   0.0304732
    0.339098
    0.283097
    0.274109
    0.264835
    0.176153
    0.112129
   0.0551658
 -0.00792927
  -0.0462722
   -0.084611
   -0.103941
    -0.11919
   -0.122115
   -0.121174
   -0.113065
   -0.102338
  -0.0880025
  -0.0721524
  -0.0551097
  -0.0376631
  -0.0208003
 -0.00477141
  0.00891094
   0.0211178
   0.0289344
   0.0357408
    0.538572
    0.465701
    0.403614
    0.287719
    0.223955
    0.150959
   0.0715741
   0.0214391
  -0.0298595
  -0.0579669
   -0.081606
  -0.0909167
   -0.096164
  -0.0935514
  -0.0882697
  -0.0788748
  -0.0677851
  -0.0547596
  -0.0407353
  -0.0261604
  -0.0114404
   0.0024172
   0.0154377
   0.0254787
   0.0348659
     0.03938
    0.529694
    0.595149
    0.424098
    0.360749
    0.265245
    0.166127
    0.100211
   0.0313488
 -0.00768198
  -0.0408338
  -0.0563905
  -0.0673851
  -0.0695772
  -0.0691144
  -0.0642835
  -0.0578469
  -0.0491446
  -0.0392522
  -0.0281278
  -0.0161507
 -0.00372978
  0.00887681
   0.0202878
     0.03117
    0.037751
   0.0445408
    0.518877
     0.29885
    0.469879
    0.392665
    0.282659
    0.196824
    0.102089
   0.0478917
  0.00260976
  -0.0199885
  -0.0368919
   -0.043448
  -0.0472313
  -0.0464098
  -0.0441474
  -0.0395218
  -0.0337911
  -0.0265871
  -0.0183034
 -0.00884269
  0.00167418
    0.012795
   0.0243888
   0.0338454
   0.0434707
   0.0470342
    0.985834
     1.06751
    0.630438
    0.457366
    0.332492
    0.193069
    0.113098
    0.050233
   0.0182238
  -0.0056782
  -0.0166454
  -0.0244282
  -0.0271946
  -0.0285697
  -0.0274952
   -0.025451
   -0.021913
  -0.0174111
   -0.011614
 -0.00458815
  0.00395297
    0.014124
   0.0251342
   0.0371954
   0.0444364
   0.0522279
     0.71676
    0.460288
    0.675382
    0.538297
    0.331023
    0.203983
     0.10532
   0.0587747
   0.0255137
  0.00953521
 -0.00236968
 -0.00852682
  -0.0130751
   -0.014934
  -0.0158312
  -0.0152192
  -0.0138293
  -0.0113059
 -0.00787201
 -0.00305963
  0.00332511
   0.0119279
   0.0233977
   0.0356639
   0.0499567
   0.0538305
     1.65484
     1.65792
    0.930216
    0.546222
    0.356075
    0.187756
   0.0954065
   0.0536242
    0.032356
    0.016274
  0.00705799
-2.79346e-05
 -0.00401864
 -0.00691075
  -0.0082135
 -0.00885591
 -0.00853313
  -0.0076802
 -0.00591527
 -0.00334344
 0.000775673
  0.00699583
   0.0168148
   0.0327727
   0.0477604
   0.0626408
     1.46328
     1.34287
    0.846665
    0.563171
    0.338242
    0.159091
    0.045536
   0.0450594
    0.026152
   0.0153928
  0.00747462
  0.00278749
-0.000778604
 -0.00278996
 -0.00424193
  -0.0048782
 -0.00523442
 -0.00504281
  -0.0046357
 -0.00355656
  -0.0018882
  0.00139849
  0.00735201
   0.0194594
   0.0495898
   0.0702832
     2.19219
     1.56464
    0.533153
    0.349692
    0.283097
   0.0903705
    -0.05411
    0.029276
   0.0109641
  0.00631697
  0.00364224
  0.00114309
 -0.00020252
 -0.00135296
 -0.00187937
 -0.00238601
  -0.0024895
  -0.0027065
 -0.00256461
 -0.00261335
 -0.00210513
 -0.00163912
 0.000453931
  0.00429491
   0.0176865
    0.095011
     4.78967
     1.62916
    -0.64361
    0.272447
    0.163189
  0.00374842
   -0.172422
   0.0211713
-0.000633477
 0.000519825
-2.44117e-05
-2.82849e-06
 1.13053e-14
           0
 6.33672e-07
-3.02433e-06
-6.62357e-12
 7.63936e-11
 2.37653e-07
  -1.136e-07
-1.49593e-08
 1.25541e-07
 -1.0933e-07
-7.12667e-09
 3.38862e-08
 2.44186e-07
    0.495102
    0.327593
    -1.66263
     2.10569
    -2.31651
   -0.103235
      1.4091
     -1.1261
   -0.409173
     1.07646
   -0.826888
   -0.568699
    0.407799
    0.105186
    0.800975
   -0.978853
    0.568112
    0.196271
   -0.189057
    0.343612
     0.22148
  -0.0479099
    0.257901
   -0.139362
    0.319998
    0.474226
    0.282685
      0.5001
    0.151083
     0.35931
  -0.0578108
    0.153798
   0.0248144
   0.0911335
   0.0367199
    0.154489
   0.0389284
    0.308698
   0.0842619
   0.0694245
 -0.00170859
   -0.187425
    0.162248
     0.16232
  -0.0475556
   0.0897922
   0.0935531
   0.0229855
 -0.00905575
    0.126244
     0.59763
    0.210146
    0.486341
    0.335449
    0.154861
    0.764401
   -0.106034
   0.0884145
    0.392707
   0.0476276
  -0.0514558
    0.425117
    0.185404
    0.188932
    -0.10362
  -0.0396978
    0.103518
   -0.143294
    0.050813
   0.0558244
  -0.0584658
   0.0382408
   -0.023905
   0.0399018
  -0.0014305
   -0.605578
   -0.158025
    0.128602
    0.176198
    0.373499
    0.180628
    0.391587
    0.212198
    0.162091
    0.152456
    0.218329
    0.104044
    0.228283
   0.0900076
   0.0640205
   0.0253711
  -0.0905527
 -0.00955277
  -0.0465105
  -0.0517962
  -0.0192684
  -0.0540973
 -0.00992064
  -0.0412166
  -0.0377918
    0.708941
    0.162949
  -0.0117417
     0.13045
    0.161159
    0.341986
    0.203072
    0.237305
    0.193196
    0.200316
   0.0981414
    0.161412
   0.0996449
    0.121115
   0.0643497
  -0.0142488
  0.00880929
  -0.0663748
  -0.0642112
  -0.0513201
  -0.0731029
   -0.046843
  -0.0635192
  -0.0427188
  -0.0494356
    -1.17234
   -0.304886
 -0.00387612
   0.0892909
    0.131905
   0.0820595
      0.2099
    0.152368
    0.171329
    0.110947
    0.134869
   0.0724772
   0.0875154
   0.0600083
   0.0334728
   0.0324662
  -0.0338034
  -0.0341681
  -0.0555707
  -0.0735037
  -0.0598865
   -0.072812
  -0.0552386
  -0.0582767
  -0.0535256
     1.41694
    0.408671
    0.202248
   0.0361931
   0.0279578
    0.115426
    0.044651
     0.10905
   0.0682701
   0.0882576
   0.0453229
   0.0494744
   0.0249733
   0.0160765
    0.017989
  -0.0171854
  -0.0116821
  -0.0399647
  -0.0524654
  -0.0535772
  -0.0662064
  -0.0556418
  -0.0600405
   -0.051431
  -0.0483859
   -0.712825
  0.00186153
   -0.081697
   0.0372294
   0.0487986
  -0.0331892
    0.040625
  -0.0109782
   0.0190003
 -0.00734697
 -0.00221126
  -0.0186256
  -0.0250917
  -0.0243533
   -0.039436
  -0.0261572
  -0.0428457
  -0.0413279
   -0.044996
  -0.0527889
  -0.0470518
  -0.0514848
  -0.0439319
  -0.0429862
  -0.0385456
    0.218106
  -0.0617056
    0.142771
   0.0357998
  -0.0346986
   0.0189252
  -0.0658453
   -0.034444
  -0.0659249
  -0.0615076
  -0.0711216
  -0.0759704
  -0.0741287
  -0.0814786
  -0.0670606
   -0.072587
  -0.0585618
  -0.0560495
  -0.0520977
  -0.0441638
  -0.0437975
  -0.0354335
  -0.0338201
  -0.0284069
  -0.0272916
     0.27756
    0.206983
  -0.0008819
   0.0058024
   0.0365659
  -0.0714267
   -0.040923
  -0.0963681
  -0.0988379
    -0.11331
   -0.122641
   -0.121009
   -0.126827
    -0.11396
   -0.114416
  -0.0954236
  -0.0873462
   -0.072296
  -0.0585691
  -0.0492237
  -0.0362748
  -0.0299051
  -0.0210189
  -0.0175752
  -0.0140914
  -0.0940799
    0.080133
    0.113924
   0.0802874
  -0.0376762
 -0.00460938
  -0.0876744
  -0.0950944
   -0.124812
   -0.145068
   -0.149791
   -0.161116
   -0.152423
   -0.153163
    -0.13495
   -0.125377
   -0.104864
  -0.0873037
  -0.0697647
  -0.0511883
  -0.0378058
  -0.0235105
  -0.0148609
 -0.00672629
 -0.00529144
    0.430361
    0.149326
    0.117071
   0.0199881
   0.0580899
  -0.0490099
   -0.053053
   -0.101871
   -0.133174
   -0.148894
   -0.171572
   -0.170811
   -0.177386
   -0.164082
   -0.156997
   -0.136562
   -0.119026
  -0.0973799
  -0.0755726
   -0.056296
  -0.0368621
  -0.0222877
 -0.00878218
 -0.00135714
  0.00474065
   0.0329545
    0.190006
   0.0863932
     0.13045
  0.00650435
   0.0151866
  -0.0535511
  -0.0904479
   -0.118105
   -0.153898
   -0.163179
   -0.179909
   -0.174674
   -0.173769
   -0.157591
   -0.143483
   -0.122063
   -0.100539
  -0.0785232
  -0.0562871
  -0.0372066
  -0.0192392
 -0.00621093
  0.00536725
  0.00944825
    0.338717
    0.160868
    0.220869
   0.0782136
     0.10297
   0.0110687
  -0.0247131
  -0.0644397
   -0.112092
   -0.131167
   -0.159919
   -0.164175
   -0.172126
   -0.162965
   -0.154864
   -0.137038
   -0.118772
  -0.0973145
  -0.0752285
  -0.0541975
  -0.0338008
  -0.0168251
 -0.00140208
  0.00820983
   0.0172979
    0.239079
    0.325068
    0.160475
     0.20485
   0.0860974
   0.0588549
  0.00509122
  -0.0524785
  -0.0803838
   -0.121507
   -0.135098
   -0.153132
   -0.152171
   -0.151639
   -0.139553
    -0.12656
   -0.108224
  -0.0887973
  -0.0683989
  -0.0479132
  -0.0291432
  -0.0115915
  0.00196045
   0.0147086
   0.0202891
    0.446582
    0.253961
    0.321725
    0.172335
    0.160592
    0.086995
   0.0210901
  -0.0156052
  -0.0697036
  -0.0921119
   -0.120676
   -0.127935
   -0.135541
   -0.130102
   -0.123395
   -0.109778
  -0.0947159
  -0.0770077
  -0.0585148
  -0.0400726
  -0.0221291
 -0.00641349
  0.00823158
   0.0176448
   0.0280166
    0.359601
    0.459127
    0.275459
    0.285385
    0.181897
    0.109474
   0.0619874
 -0.00737918
  -0.0388937
  -0.0788223
  -0.0941158
    -0.10998
   -0.111203
   -0.110949
    -0.10269
   -0.092816
  -0.0791179
  -0.0641757
  -0.0479061
  -0.0312855
  -0.0151886
 0.000210106
   0.0125252
   0.0249012
   0.0301589
    0.549887
    0.406768
    0.436646
    0.290342
    0.217453
    0.155095
   0.0658718
   0.0236334
  -0.0299203
  -0.0538315
  -0.0783822
  -0.0860164
  -0.0919465
  -0.0889564
  -0.0843089
  -0.0751261
  -0.0645693
  -0.0518027
  -0.0380777
  -0.0234642
 -0.00865914
  0.00520592
   0.0186873
   0.0272574
   0.0380261
    0.642273
    0.534941
    0.395757
     0.35196
    0.270623
    0.154642
   0.0981939
   0.0261788
 -0.00857678
  -0.0432221
  -0.0573445
  -0.0692292
  -0.0710762
  -0.0711714
  -0.0663008
  -0.0601634
  -0.0514351
  -0.0416086
  -0.0301223
  -0.0176906
 -0.00433396
  0.00943118
   0.0213618
   0.0340376
   0.0384575
    0.637137
    0.674557
    0.563622
     0.42973
    0.273807
    0.194391
   0.0924094
    0.041825
 -0.00595694
  -0.0274162
  -0.0453972
  -0.0515994
  -0.0556978
  -0.0544622
  -0.0521264
  -0.0471353
  -0.0412701
  -0.0336449
  -0.0249994
  -0.0145698
 -0.00276913
   0.0102405
   0.0243138
   0.0339547
   0.0465639
     1.02178
    0.685532
     0.63114
     0.44953
    0.336797
     0.17794
   0.0973355
   0.0321306
  0.00136974
  -0.0232288
  -0.0332085
  -0.0403424
  -0.0417384
  -0.0421533
  -0.0399857
  -0.0372986
  -0.0331158
   -0.028357
  -0.0220369
  -0.0145101
 -0.00454926
   0.0078838
   0.0219059
   0.0386407
    0.044296
    0.942628
     1.15828
     0.74313
    0.561503
     0.30824
     0.16467
   0.0625245
   0.0250198
 -0.00685837
  -0.0192572
  -0.0278229
  -0.0304312
  -0.0322129
  -0.0315929
  -0.0308034
  -0.0288749
  -0.0269203
  -0.0240469
  -0.0208662
  -0.0160424
 -0.00956102
 0.000737197
   0.0161162
    0.032551
   0.0546825
     1.55632
     1.12138
    0.846811
    0.480458
    0.282365
   0.0953844
   0.0142665
-0.000388069
  -0.0141193
  -0.0209579
   -0.022663
  -0.0241404
  -0.0236629
  -0.0233933
  -0.0223084
   -0.021599
  -0.0204859
  -0.0198494
  -0.0186967
  -0.0176958
  -0.0150185
  -0.0102393
  0.00127244
   0.0262518
    0.046974
     1.95126
     1.43008
    0.438207
    0.355438
    0.215792
   0.0144863
  -0.0832313
 -0.00617063
  -0.0214991
  -0.0190405
  -0.0185522
  -0.0171539
  -0.0164092
  -0.0152021
   -0.014535
  -0.0136828
  -0.0135079
   -0.013297
  -0.0140492
  -0.0148002
  -0.0167331
  -0.0178218
  -0.0181201
 -0.00747119
    0.051702
      3.0045
     1.08707
   -0.148098
    0.202168
    0.209906
  -0.0114121
   -0.219077
   0.0346758
  -0.0194265
  -0.0130911
  -0.0109412
 -0.00981811
  -0.0083331
 -0.00756493
 -0.00651306
 -0.00611715
 -0.00543588
 -0.00561264
 -0.00551658
 -0.00684332
 -0.00809183
  -0.0124646
  -0.0174611
  -0.0316825
  -0.0382297
 1.84814e+11
-1.34978e+11
 1.78849e+11
-1.06506e+11
 1.05093e+11
 4.01529e+08
 5.62214e+10
-4.55565e+10
 1.24413e+11
-4.79925e+10
 5.55532e+10
 2.56887e+10
 3.08057e+10
 1.47708e+10
 3.76863e+10
 1.89383e+10
 5.87032e+10
-2.07108e+10
 3.35152e+10
 2.48309e+10
 2.24975e+09
 1.88259e+10
  1.4028e+10
 7.99395e+09
 8.58686e+09
      645922
-1.19257e+11
 1.84182e+11
-1.39444e+11
 1.68668e+11
-8.09906e+10
 8.56494e+10
-1.12869e+10
 9.23467e+10
-5.94344e+10
 1.05713e+11
-1.82681e+10
 3.96763e+10
 2.14226e+10
 4.35152e+10
 2.40503e+10
 2.63051e+10
 6.40415e+09
  4.7744e+10
 4.36275e+08
 1.67882e+10
 2.22379e+10
 3.62471e+09
 1.07001e+10
 3.60382e+09
  6.0416e+09
     -881815
 1.53014e+11
-1.40067e+11
 1.83152e+11
-1.30817e+11
 1.35177e+11
-5.06314e+10
 8.04085e+10
-3.03989e+10
   1.025e+11
-4.09977e+10
 7.54721e+10
 8.44812e+09
 3.31251e+10
 1.72393e+10
 2.76135e+10
 2.70583e+10
 3.17144e+10
 7.78603e+09
 2.62829e+10
 1.12037e+10
 7.98537e+09
 1.34125e+10
  7.2896e+08
 8.84245e+09
-3.17336e+09
      254067
-9.05594e+10
 1.87504e+11
-1.32012e+11
 1.55357e+11
-7.51778e+10
  9.2757e+10
-4.11903e+10
 9.80464e+10
-4.00665e+10
 8.57999e+10
-6.71321e+09
  4.6138e+10
 1.12076e+10
 2.77523e+10
 2.04606e+10
 2.83336e+10
 1.26159e+10
 2.91588e+10
 1.15089e+10
 1.18657e+10
 1.24863e+10
 3.50558e+09
 8.28295e+09
-1.45606e+09
 3.09424e+09
 3.66031e+06
  1.4622e+11
-9.99182e+10
 2.01958e+11
-8.06477e+10
 1.21413e+11
-4.29625e+10
 9.60307e+10
 -4.3383e+10
 9.34909e+10
-2.19455e+10
 5.83373e+10
 7.12242e+09
 3.27044e+10
 1.34797e+10
 2.17709e+10
 1.30554e+10
 2.60753e+10
  9.8877e+09
 1.73464e+10
 1.23906e+10
 5.58703e+09
 9.16722e+09
 3.80854e+08
  4.6743e+09
-8.17424e+08
 4.88149e+06
-2.14716e+09
 1.80436e+11
 -1.0423e+11
 1.51936e+11
-3.97945e+10
 1.12102e+11
-3.97224e+10
  9.8758e+10
-3.19805e+10
 7.03555e+10
-3.35058e+09
 3.90714e+10
 1.01007e+10
 2.15675e+10
 9.57573e+09
 1.83172e+10
 6.39734e+09
 1.66054e+10
 9.46938e+09
 7.95875e+09
 9.35195e+09
  1.8914e+09
 5.63231e+09
-5.98599e+08
 1.23535e+09
-2.34532e+06
 -1.6567e+10
-3.59907e+10
 2.17984e+11
-2.16663e+10
 1.41238e+11
-2.58233e+10
 1.16592e+11
-3.14755e+10
 8.47125e+10
-1.25252e+10
  4.7564e+10
 5.02504e+09
 2.44269e+10
 7.58644e+09
 1.35852e+10
 2.37433e+09
 1.08531e+10
 3.02496e+09
 6.14637e+09
 6.32096e+09
 1.81556e+09
 5.18495e+09
-5.07179e+08
 2.08214e+09
-3.73854e+08
-2.86069e+06
 2.36251e+11
   8.194e+10
 -9.0903e+10
 1.33259e+11
-2.32817e+10
 1.36503e+11
-2.30473e+10
 1.06943e+11
-1.37977e+10
 6.26295e+10
 1.59308e+09
 3.01513e+10
 6.11456e+09
 1.31724e+10
 9.71862e+08
 5.66939e+09
-3.24868e+09
 1.00234e+09
-5.88068e+08
-1.79654e+09
 1.61694e+09
-2.32939e+09
 1.09302e+09
-1.46067e+09
-1.25619e+08
 1.78602e+06
-4.37569e+10
 1.40651e+11
 2.14707e+11
 8.70324e+09
 1.61555e+11
-1.17702e+10
  1.3472e+11
-7.03559e+09
 8.67062e+10
  4.4648e+09
 4.30907e+10
   7.923e+09
 1.73171e+10
 2.29877e+09
 4.28303e+09
-5.63478e+09
-3.29079e+09
-7.50997e+09
-7.34736e+09
-4.96676e+09
-7.01765e+09
-2.79601e+09
-4.48098e+09
-1.83016e+09
-1.40693e+09
     -115502
 1.44838e+11
 6.85527e+10
 1.80619e+10
 1.80825e+11
 1.93381e+09
 1.64338e+11
 1.72204e+09
 1.16609e+11
  1.3297e+10
 6.47981e+10
 1.59456e+10
  2.8621e+10
  8.1439e+09
 8.11787e+09
-3.10104e+09
-3.70138e+09
-1.03432e+10
-1.10135e+10
-1.11378e+10
-1.26007e+10
-8.69502e+09
-9.50741e+09
-5.70653e+09
-4.67937e+09
 -2.3595e+09
-1.66847e+06
 1.28576e+11
 5.98022e+10
 1.52962e+11
 1.46777e+09
 1.84241e+11
 4.16807e+09
 1.46122e+11
 2.19107e+10
 9.14443e+10
 2.87027e+10
 4.72996e+10
 1.99742e+10
 1.86805e+10
 5.11177e+09
 1.15818e+09
-7.35879e+09
-1.01767e+10
-1.32574e+10
-1.56131e+10
 -1.3542e+10
-1.45177e+10
-1.06129e+10
-9.29683e+09
-6.16037e+09
-3.04032e+09
     -265826
-2.04385e+10
 2.16327e+11
 4.97017e+10
 2.07151e+11
 3.99111e+09
  1.7465e+11
 2.55727e+10
 1.18558e+11
 4.14772e+10
 6.98607e+10
 3.60032e+10
 3.52677e+10
 1.89992e+10
 1.18411e+10
 1.69991e+09
-4.05947e+09
-9.70426e+09
-1.38653e+10
-1.44352e+10
-1.66761e+10
-1.40188e+10
 -1.3358e+10
-1.01702e+10
-6.86863e+09
 -3.9753e+09
      108422
 3.32673e+11
-7.72401e+10
 1.70587e+11
-1.24908e+10
 1.98271e+11
 2.14981e+10
 1.45115e+11
 5.06837e+10
 9.25574e+10
 5.25965e+10
 5.46852e+10
 3.64476e+10
 2.70845e+10
 1.58484e+10
 6.87601e+09
-6.64803e+08
 -7.1519e+09
-1.03145e+10
-1.43975e+10
-1.38153e+10
 -1.4696e+10
-1.24662e+10
-9.93487e+09
-7.57977e+09
-3.24504e+09
    -74966.1
-1.03915e+11
 3.68044e+11
 2.95382e+10
 2.38267e+11
 1.52939e+10
 1.74718e+11
 5.53317e+10
 1.14392e+11
 6.73079e+10
 7.36648e+10
 5.43836e+10
 4.39824e+10
  3.2651e+10
 2.08124e+10
 1.23056e+10
 3.28552e+09
-1.90277e+09
-7.98412e+09
-9.57181e+09
-1.23587e+10
-1.17078e+10
-1.07274e+10
-9.42941e+09
-5.54026e+09
-3.77176e+09
    -10879.5
 4.02146e+11
-1.01852e+11
 2.68998e+11
 9.94052e+09
 2.15196e+11
 5.70584e+10
 1.37798e+11
 8.00118e+10
 9.08343e+10
 7.08489e+10
 5.96982e+10
 4.92436e+10
 3.49831e+10
  2.6606e+10
  1.5155e+10
 8.82469e+09
 8.20934e+08
-2.50684e+09
-7.09493e+09
-8.03939e+09
-8.84342e+09
-8.82779e+09
-6.10939e+09
-5.87602e+09
-1.75401e+09
     1651.54
-1.34419e+11
 4.15149e+11
 1.07593e+09
 2.62608e+11
 5.14284e+10
 1.65363e+11
 9.11423e+10
 1.06454e+11
 8.56868e+10
  7.2739e+10
 6.37343e+10
 4.68487e+10
 3.94818e+10
 2.56775e+10
 1.91596e+10
 9.40428e+09
 5.05127e+09
-9.96525e+08
-3.09615e+09
-5.39867e+09
-6.40338e+09
-5.02686e+09
-6.02862e+09
-2.12926e+09
-2.63015e+09
           1
 4.89681e+11
-1.43115e+11
 3.04529e+11
  3.3729e+10
  2.0167e+11
 1.00728e+11
 1.21697e+11
 1.00117e+11
 8.29627e+10
 7.57506e+10
 5.49756e+10
 4.90113e+10
 3.24172e+10
 2.63745e+10
 1.48816e+10
  1.0234e+10
 3.07294e+09
 4.61929e+08
-2.78589e+09
 -4.1728e+09
-3.71614e+09
-5.22901e+09
-1.78826e+09
-3.90027e+09
 1.09252e+08
           1
-1.42685e+11
 5.23771e+11
 2.97083e+10
 2.58229e+11
 1.08138e+11
 1.38866e+11
 1.16604e+11
 9.11764e+10
 8.63225e+10
 5.91703e+10
 5.45053e+10
 3.38122e+10
 2.83442e+10
 1.46792e+10
 1.01922e+10
 2.04783e+09
-4.81312e+08
-4.14749e+09
-5.17808e+09
 -4.8958e+09
-5.87302e+09
-2.39223e+09
-4.70726e+09
 4.58707e+08
-2.20156e+09
     1.00255
 5.30097e+11
-6.32014e+10
 3.39838e+11
 1.09188e+11
 1.61421e+11
 1.38441e+11
 9.83784e+10
 9.76544e+10
 6.02231e+10
 5.62942e+10
 2.90596e+10
 2.36149e+10
 6.72175e+09
 2.40774e+09
-6.92134e+09
-8.97978e+09
-1.27516e+10
-1.28499e+10
-1.20789e+10
-1.15263e+10
-7.06235e+09
-7.82512e+09
-1.16754e+09
-4.53953e+09
 1.27275e+09
    0.460339
 1.99662e+11
 2.98113e+11
 5.58763e+10
 1.95573e+11
 1.73942e+11
 1.07589e+11
 1.14242e+11
 5.99302e+10
 5.51801e+10
 1.73632e+10
 1.07131e+10
-1.11063e+10
-1.56013e+10
-2.65099e+10
-2.78113e+10
-3.15033e+10
-3.02657e+10
-2.86356e+10
-2.60105e+10
 -1.9885e+10
-1.76517e+10
-8.35503e+09
 -9.2606e+09
 5.64519e+08
-3.51748e+09
      3.9244
 3.31042e+11
 6.84672e+11
 4.29289e+11
 2.78114e+11
 1.38596e+11
  1.4987e+11
 6.15422e+10
 5.13804e+10
-3.74866e+09
-1.36016e+10
-4.25192e+10
-4.74573e+10
-5.99557e+10
-5.97986e+10
-6.28648e+10
-5.96675e+10
-5.68301e+10
-5.19683e+10
-4.42016e+10
-3.87421e+10
-2.63482e+10
-2.23825e+10
-7.42359e+09
-9.44672e+09
 2.16209e+09
   -0.501835
 1.00245e+12
-2.84787e+11
 3.13065e+11
 1.97847e+11
 2.33458e+11
  6.9143e+10
 3.65562e+10
-4.30922e+10
 -5.8497e+10
-9.61384e+10
-1.00263e+11
-1.12521e+11
-1.08609e+11
-1.09156e+11
-1.02359e+11
-9.72811e+10
-8.97352e+10
-8.05597e+10
-7.27212e+10
-5.85895e+10
-5.04646e+10
 -3.0512e+10
-2.48644e+10
-2.70705e+09
-6.97666e+09
     6.88046
-2.01396e+11
 1.97506e+12
  4.9054e+11
 4.16192e+11
 8.71308e+10
-1.34371e+10
-1.41226e+11
-1.46812e+11
-1.91438e+11
-1.87957e+11
-1.93071e+11
-1.79394e+11
-1.72691e+11
-1.58601e+11
-1.48689e+11
-1.36864e+11
-1.25726e+11
-1.16162e+11
-1.02302e+11
-9.33928e+10
-7.31245e+10
-6.27504e+10
-3.23654e+10
 -2.5461e+10
 4.96747e+09
    -21.8259
 1.86571e+12
-6.54144e+11
 4.10842e+11
 8.11626e+09
-1.19223e+11
-3.46071e+11
-3.80639e+11
-3.55415e+11
-3.32405e+11
-3.12666e+11
-2.76903e+11
-2.54256e+11
-2.26655e+11
-2.07468e+11
-1.88201e+11
-1.73015e+11
-1.60794e+11
-1.47669e+11
-1.40408e+11
-1.25163e+11
-1.18997e+11
-9.36094e+10
-8.20191e+10
-3.26741e+10
-2.30065e+10
    -19.9093
 9.53961e+11
 1.41611e+12
-1.06755e+12
-6.47732e+11
-5.98128e+11
-7.37136e+11
-8.16459e+11
-4.95243e+11
-4.73332e+11
-3.95366e+11
-3.46469e+11
-2.99156e+11
-2.66277e+11
-2.36396e+11
  -2.144e+11
-1.97232e+11
-1.82628e+11
 -1.7553e+11
-1.64893e+11
-1.65669e+11
-1.53967e+11
 -1.5874e+11
-1.32825e+11
 -1.2882e+11
-3.53902e+10
    -145.349
 5.12857e+12
-9.82338e+11
-3.14084e+12
-1.01843e+12
-7.67898e+11
-9.86119e+11
-1.24124e+12
-4.20464e+11
-5.10026e+11
-4.20309e+11
-3.55929e+11
-3.10843e+11
-2.70665e+11
-2.42059e+11
-2.18913e+11
 -2.0127e+11
-1.91078e+11
-1.80819e+11
-1.81854e+11
-1.76277e+11
-1.88627e+11
 -1.8461e+11
-2.10781e+11
-1.96415e+11
-2.34324e+11
    -90.7018
-2.68289e+11
 3.05429e+11
 -1.2122e+11
-3.22415e+11
 7.71557e+11
-1.16159e+12
  9.7537e+11
-7.31373e+11
 4.94631e+11
 -7.1495e+11
 8.57414e+11
-1.01962e+12
 7.53274e+11
-8.33421e+11
 6.06319e+11
-4.86117e+11
  1.5481e+11
-1.40701e+11
  5.9367e+10
-2.21604e+11
 1.80612e+11
-2.26497e+11
 1.13617e+11
-8.90034e+10
-2.20586e+10
-2.11709e+10
-1.12542e+10
-3.39516e+10
-3.00507e+10
 -2.2481e+10
 -6.8947e+10
-4.45306e+10
-3.81074e+10
-5.87441e+10
-5.68043e+10
-3.75057e+10
-7.26915e+10
-6.76744e+10
-6.70147e+10
-4.30819e+10
-4.91258e+10
-5.68449e+10
-4.46065e+10
 -3.2436e+10
-3.94065e+10
-2.72026e+10
-2.05184e+10
-1.53017e+10
-1.61254e+10
-9.16719e+09
-1.90256e+10
-3.77728e+10
-3.66046e+10
-1.56616e+10
-6.40712e+10
-2.55449e+10
-4.94637e+10
-6.67382e+10
-5.18995e+10
-4.65668e+10
-7.44818e+10
-4.78663e+10
-5.06898e+10
-4.82769e+10
-5.42034e+10
-5.82689e+10
-4.00318e+10
-4.25394e+10
-3.57024e+10
-2.31019e+10
-2.42269e+10
-1.59798e+10
-1.16405e+10
-8.56979e+09
-1.43268e+09
-1.06632e+11
-6.85516e+10
-4.92376e+10
-6.12191e+10
-3.34594e+10
-4.99161e+10
-5.01408e+10
-5.58888e+10
-5.33626e+10
-6.47549e+10
-4.92371e+10
-5.47803e+10
-4.15523e+10
-4.58956e+10
-4.61528e+10
-4.30767e+10
-4.28552e+10
-3.83411e+10
-2.82962e+10
-2.43094e+10
-1.74677e+10
-1.37169e+10
-7.72843e+09
 -4.4942e+09
-2.61308e+09
-3.65205e+10
-9.10045e+10
-9.53874e+10
-6.10346e+10
-7.38379e+10
-5.48909e+10
-5.40077e+10
-5.41767e+10
-6.12548e+10
-4.63999e+10
-5.77449e+10
-4.38642e+10
-4.29615e+10
-3.47929e+10
-3.38846e+10
-3.71431e+10
-3.31668e+10
-2.93448e+10
-2.77213e+10
-1.91268e+10
-1.53341e+10
-9.99827e+09
-6.42344e+09
-3.47359e+09
-3.74767e+08
-2.21697e+11
-1.07924e+11
-9.47588e+10
-1.11146e+11
-8.39356e+10
-7.89278e+10
-6.49257e+10
   -6.26e+10
-4.95495e+10
-5.77773e+10
-4.20285e+10
-4.45245e+10
-3.30193e+10
 -2.8912e+10
-2.54711e+10
-2.18135e+10
-2.22127e+10
-2.18612e+10
-1.73056e+10
-1.58328e+10
-1.05857e+10
-7.65819e+09
-4.28006e+09
-1.39526e+09
 -6.0321e+08
 1.53748e+11
-1.15204e+11
-1.40996e+11
-1.18041e+11
-1.16377e+11
-9.63473e+10
-8.65347e+10
-6.61005e+10
-6.55777e+10
-4.57662e+10
-4.72978e+10
-3.32782e+10
-2.93045e+10
-2.04864e+10
-1.35539e+10
-1.12729e+10
-9.23374e+09
-7.58912e+09
-8.66762e+09
-6.08956e+09
-5.35263e+09
-2.91545e+09
 -1.2901e+09
-4.61817e+08
 6.16717e+08
-4.57629e+11
-1.06008e+11
-1.12024e+11
-1.32698e+11
-1.25811e+11
-1.21353e+11
-9.89533e+10
-9.11103e+10
-6.47276e+10
-6.04607e+10
-4.03762e+10
-3.43842e+10
-2.16282e+10
-1.28974e+10
-5.81403e+09
 8.38067e+08
 3.94922e+09
 4.11139e+09
 5.19655e+09
 3.50375e+09
 3.69013e+09
 2.99444e+09
 2.61874e+09
 2.35067e+09
 1.10911e+09
-4.94424e+10
-2.80615e+11
-2.05067e+11
-1.72546e+11
-1.60185e+11
-1.37663e+11
 -1.2919e+11
-9.95581e+10
-8.96178e+10
-6.22446e+10
 -5.1249e+10
-3.23127e+10
 -2.0502e+10
-8.69522e+09
 2.01527e+09
 9.03239e+09
 1.38648e+10
 1.68186e+10
 1.58998e+10
 1.52734e+10
 1.26075e+10
 1.04014e+10
 7.95251e+09
 5.10321e+09
 2.21228e+09
-1.60916e+11
-1.21901e+11
-1.92796e+11
-1.89905e+11
-1.73004e+11
-1.67291e+11
-1.38671e+11
-1.28712e+11
-9.77358e+10
-8.26348e+10
-5.71239e+10
-4.04548e+10
-2.26852e+10
-7.64604e+09
  3.9505e+09
  1.4088e+10
 2.09707e+10
 2.41188e+10
 2.57055e+10
 2.37897e+10
 2.12416e+10
 1.73005e+10
 1.29333e+10
 8.32812e+09
 3.22942e+09
-3.21034e+11
-2.24063e+11
-1.90891e+11
-1.93242e+11
-1.94309e+11
-1.70363e+11
-1.65891e+11
-1.36261e+11
-1.21851e+11
-9.32626e+10
-7.30352e+10
-4.96747e+10
-2.97701e+10
-1.28407e+10
 2.60062e+09
 1.40036e+10
  2.2501e+10
 2.82266e+10
 2.98966e+10
   2.966e+10
 2.66006e+10
 2.22836e+10
 1.68782e+10
 1.08598e+10
 4.02213e+09
-8.44116e+09
-2.20945e+11
-2.19227e+11
-2.13864e+11
-1.94011e+11
-1.96448e+11
-1.69512e+11
-1.59735e+11
-1.32155e+11
 -1.1196e+11
-8.60116e+10
-6.26203e+10
-4.09496e+10
-2.04882e+10
-4.35616e+09
 9.60373e+09
 1.99272e+10
  2.6512e+10
  3.0361e+10
 3.05587e+10
   2.856e+10
 2.43296e+10
 1.87749e+10
 1.19968e+10
 4.99215e+09
  -4.674e+11
-1.82218e+11
 -2.1383e+11
-2.07266e+11
-2.19605e+11
-1.95549e+11
-1.92421e+11
 -1.6728e+11
-1.49785e+11
-1.24534e+11
 -1.0022e+11
-7.61268e+10
 -5.2069e+10
-3.19037e+10
-1.30259e+10
  1.6598e+09
 1.32688e+10
 2.15854e+10
 2.61591e+10
 2.79689e+10
 2.67682e+10
 2.34779e+10
 1.82769e+10
 1.23769e+10
  5.0092e+09
-1.40711e+11
-3.50679e+11
-2.60159e+11
-2.55639e+11
-2.22039e+11
-2.22697e+11
-1.97693e+11
-1.83247e+11
-1.59932e+11
-1.36228e+11
-1.12115e+11
-8.63587e+10
-6.38213e+10
-4.13243e+10
-2.31182e+10
-7.10494e+09
 5.19588e+09
 1.40892e+10
 1.99249e+10
 2.25119e+10
 2.25737e+10
 2.02217e+10
 1.64738e+10
 1.08441e+10
 5.70433e+09
-4.20963e+11
 -2.3088e+11
-2.91764e+11
-2.53211e+11
-2.56546e+11
-2.26517e+11
 -2.1355e+11
 -1.9099e+11
-1.67439e+11
-1.44292e+11
-1.17734e+11
-9.43464e+10
-6.96319e+10
-4.91389e+10
-2.98204e+10
-1.44891e+10
-2.02258e+09
 7.15463e+09
 1.31765e+10
 1.65082e+10
 1.72764e+10
 1.62164e+10
 1.31048e+10
 9.94858e+09
 4.87447e+09
-1.51022e+11
-3.53563e+11
-2.78837e+11
-2.90633e+11
-2.53955e+11
-2.42672e+11
-2.18791e+11
-1.93756e+11
-1.71184e+11
 -1.4309e+11
-1.19244e+11
-9.27743e+10
-7.08273e+10
-4.91744e+10
 -3.1818e+10
-1.67831e+10
-5.33976e+09
 3.12257e+09
 8.74666e+09
 1.18364e+10
 1.29464e+10
 1.21458e+10
 1.08122e+10
 7.38345e+09
 5.68819e+09
-5.18946e+11
-2.67229e+11
-3.22551e+11
-2.80951e+11
 -2.7314e+11
-2.45288e+11
-2.16845e+11
-1.93798e+11
-1.62081e+11
-1.36922e+11
-1.07678e+11
-8.39684e+10
-6.00381e+10
-4.10839e+10
-2.42015e+10
 -1.1447e+10
-1.64085e+09
 4.97025e+09
 8.96736e+09
 1.08103e+10
 1.09331e+10
 1.03099e+10
 8.13968e+09
 7.44506e+09
 4.22461e+09
-3.39689e+11
-4.48724e+11
-3.25958e+11
 -3.0939e+11
-2.72335e+11
 -2.3898e+11
-2.14623e+11
-1.76308e+11
-1.48097e+11
-1.13525e+11
-8.62935e+10
-5.87441e+10
-3.75349e+10
-1.87435e+10
-5.06195e+09
  5.3517e+09
 1.18839e+10
   1.543e+10
 1.63173e+10
 1.53067e+10
 1.32807e+10
 1.04218e+10
  8.8788e+09
 5.45043e+09
  5.9546e+09
-1.54699e+11
-3.08725e+11
-3.52563e+11
-3.04854e+11
-2.64084e+11
-2.37261e+11
-1.88496e+11
-1.54917e+11
-1.10787e+11
-7.66395e+10
 -4.2578e+10
-1.72455e+10
 4.41862e+09
 1.93039e+10
 3.00588e+10
 3.59091e+10
 3.81441e+10
 3.69064e+10
 3.30804e+10
 2.74069e+10
  2.0814e+10
 1.51262e+10
 9.29615e+09
 8.18342e+09
 3.85305e+09
-1.43176e+12
-4.89752e+11
-3.77774e+11
-3.15438e+11
-2.74819e+11
-2.04491e+11
-1.60591e+11
-9.94558e+10
 -5.2663e+10
-7.56078e+09
 2.47019e+10
 5.06111e+10
 6.70641e+10
 7.78046e+10
 8.23625e+10
 8.26308e+10
 7.87053e+10
 7.14761e+10
 6.12754e+10
 4.89918e+10
 3.60015e+10
 2.33048e+10
 1.51476e+10
 6.67935e+09
 7.65385e+09
 3.32223e+11
-8.22445e+11
-5.11389e+11
-3.78151e+11
-2.42083e+11
 -1.6681e+11
-7.42339e+10
-5.57652e+09
 5.64439e+10
 9.82931e+10
 1.28679e+11
 1.45511e+11
 1.54259e+11
 1.55568e+11
 1.52242e+11
 1.44675e+11
 1.33874e+11
  1.1978e+11
 1.02705e+11
 8.27997e+10
 6.08433e+10
 3.97364e+10
 2.02045e+10
 1.31209e+10
 4.00169e+09
-2.76341e+12
 -4.2754e+11
-5.05673e+11
-3.12963e+11
 -1.6275e+11
 1.26227e+08
 9.49595e+10
 1.75957e+11
 2.25957e+11
 2.55817e+11
 2.66711e+11
 2.66968e+11
 2.59469e+11
 2.48097e+11
 2.33864e+11
 2.18006e+11
 2.00336e+11
 1.80705e+11
 1.58149e+11
 1.31925e+11
 1.01631e+11
 6.76895e+10
 3.77193e+10
  1.0423e+10
 1.23207e+10
 5.87262e+11
-1.19041e+12
-4.28619e+11
-1.28883e+11
 1.98144e+11
 3.60374e+11
 4.13507e+11
 4.50665e+11
 4.61508e+11
  4.4852e+11
 4.25117e+11
 3.97121e+11
 3.68732e+11
 3.41299e+11
 3.15941e+11
 2.92424e+11
  2.7043e+11
 2.48633e+11
 2.25615e+11
 1.98904e+11
 1.65703e+11
 1.23529e+11
 7.04467e+10
 3.22082e+10
 4.54375e+09
-3.24396e+11
 1.20126e+12
 4.93604e+11
  6.0418e+11
 8.73356e+11
 9.81311e+11
 8.29589e+11
 7.72308e+11
 7.03957e+11
 6.30854e+11
  5.6488e+11
 5.06997e+11
 4.57415e+11
 4.15751e+11
 3.81251e+11
 3.53099e+11
 3.30124e+11
 3.11116e+11
 2.94097e+11
 2.76653e+11
 2.54772e+11
 2.21837e+11
 1.68191e+11
 7.13783e+10
 3.32143e+10
  1.1145e+12
 2.71176e+12
 1.77114e+12
 1.55604e+12
  1.5378e+12
 1.64239e+12
 1.17791e+12
 9.67244e+11
 8.53165e+11
 7.35718e+11
 6.40606e+11
 5.63627e+11
 5.01728e+11
 4.52382e+11
 4.13991e+11
 3.84766e+11
  3.6387e+11
 3.49551e+11
 3.41384e+11
  3.3707e+11
 3.35737e+11
 3.32114e+11
 3.20156e+11
 2.72265e+11
 5.74857e+10